399 948
126 366 374 156 313 314 250 
90 297 138 301 341 319 108 
163 314 345 148 240 46 61 
172 244 30 26 238 159 146 
203 81 380 172 186 185 119 
277 11 269 62 299 35 370 
34 73 271 52 98 147 48 
166 69 32 329 344 151 60 
63 368 14 274 11 75 346 
124 143 127 242 374 50 267 
150 358 177 4 194 322 336 
5 206 305 351 313 234 375 
108 325 376 348 362 115 137 
94 182 120 169 57 142 170 
107 381 249 97 164 18 27 
270 174 378 112 389 342 361 
27 350 352 5 245 334 37 
332 246 343 189 297 212 243 
75 109 62 166 187 383 18 
83 216 381 170 148 44 233 
208 25 332 10 281 38 207 
283 357 314 282 359 191 215 
90 387 149 72 16 242 197 
327 372 396 261 239 338 64 
262 381 210 387 300 301 357 
180 110 245 375 351 171 134 
33 56 137 60 170 158 391 
187 192 376 159 351 306 95 
148 373 157 387 212 191 390 
267 41 253 289 43 160 139 
377 74 218 109 388 169 200 
288 52 356 221 231 139 159 
97 171 339 304 271 70 56 
70 20 51 379 75 121 396 
60 273 75 344 304 340 71 
154 88 335 139 152 135 274 
61 86 279 12 69 48 16 
127 114 126 323 124 199 342 
235 362 332 392 5 94 295 
189 220 387 49 123 266 364 
362 224 297 204 57 29 310 
70 47 164 271 44 113 240 
51 179 396 383 146 365 91 
99 370 338 102 227 154 393 
375 393 153 132 38 131 83 
330 111 368 35 386 37 305 
199 264 76 156 53 143 142 
25 297 328 58 41 293 42 
117 169 282 223 321 206 339 
24 378 142 222 74 272 322 
298 26 327 91 347 68 98 
299 71 164 329 292 296 7 
7 185 286 241 77 330 95 
315 243 364 167 388 348 261 
306 14 398 324 245 30 218 
321 161 58 154 376 373 259 
8 117 85 356 258 228 352 
30 59 327 62 51 273 20 
226 245 207 164 52 40 223 
91 144 162 274 216 209 241 
146 44 167 384 308 180 153 
220 82 249 261 67 208 277 
49 36 393 90 262 192 122 
120 205 222 36 395 242 301 
309 116 17 269 81 153 54 
160 254 217 123 149 54 237 
253 304 39 61 325 177 55 
95 160 134 81 188 179 285 
151 316 189 167 260 9 63 
117 341 309 131 19 268 58 
13 156 198 302 63 341 351 
67 26 365 179 59 253 64 
220 51 394 7 130 11 216 
89 79 289 260 304 112 358 
134 102 19 232 11 344 201 
164 82 22 348 231 184 23 
256 50 115 292 90 67 306 
115 165 268 18 140 391 270 
353 83 322 43 224 328 384 
119 88 174 104 114 62 159 
39 161 362 298 196 387 266 
133 60 275 129 390 329 103 
371 297 276 29 353 355 19 
367 317 290 176 331 119 345 
248 99 249 394 88 118 82 
205 278 341 398 101 275 183 
373 234 36 343 54 83 210 
56 95 111 59 315 41 40 
247 279 1 382 209 201 345 
175 82 132 338 240 184 384 
345 157 37 58 302 234 110 
150 320 392 211 348 338 239 
6 377 94 163 50 74 243 
343 398 136 314 353 17 335 
122 194 72 357 125 317 222 
84 261 226 7 172 200 99 
384 158 166 145 236 174 164 
305 272 176 180 131 258 56 
303 309 4 128 234 77 34 
349 246 363 12 385 197 0 
78 41 253 207 194 54 144 
150 56 132 269 148 234 395 
394 248 220 362 319 21 333 
26 304 105 222 268 319 101 
299 178 221 32 354 341 379 
220 157 385 372 21 92 235 
61 350 76 339 392 224 315 
389 65 265 393 106 162 181 
317 78 363 371 238 50 73 
66 123 326 88 282 280 297 
280 394 121 64 224 277 340 
252 218 179 239 140 183 175 
380 241 223 79 222 265 134 
389 288 276 43 142 38 60 
337 372 111 231 30 137 75 
110 131 169 259 73 308 166 
312 245 351 339 152 141 176 
81 225 363 365 298 331 8 
190 184 147 295 275 110 99 
357 142 5 133 360 154 237 
107 80 222 57 50 31 41 
154 278 148 339 314 130 39 
59 84 102 159 367 374 98 
72 397 135 346 108 243 12 
318 10 196 333 204 108 223 
248 297 201 262 157 106 11 
68 385 277 248 168 285 120 
159 215 180 179 118 327 127 
301 359 135 168 343 16 150 
241 358 356 40 101 184 146 
198 21 356 4 9 364 39 
351 320 188 223 172 299 286 
374 3 168 114 325 12 261 
158 349 325 125 338 184 165 
171 160 240 324 215 390 376 
257 4 397 308 381 243 353 
295 266 265 22 195 236 351 
383 5 246 214 355 192 257 
131 335 386 4 40 288 65 
237 379 23 140 365 196 193 
377 285 347 124 175 189 398 
88 75 164 344 108 227 286 
340 392 167 327 396 388 128 
295 72 389 255 105 78 312 
296 315 280 263 170 277 372 
191 16 256 390 34 178 127 
224 207 358 348 122 155 288 
389 122 181 10 199 140 219 
208 370 224 9 142 85 181 
10 36 37 120 29 208 115 
291 269 329 16 263 354 131 
276 94 389 378 31 158 64 
71 30 173 70 95 392 136 
367 65 259 377 380 397 209 
179 101 92 310 2 216 30 
98 76 0 86 72 41 376 
339 3 302 248 293 22 48 
223 100 270 248 124 80 98 
47 223 136 280 378 284 104 
219 39 346 321 357 106 315 
114 347 332 136 318 178 48 
33 349 104 270 108 10 332 
386 285 302 249 245 388 49 
31 216 54 111 262 229 157 
220 298 244 51 262 202 372 
32 69 86 194 318 79 383 
135 210 342 153 312 314 66 
302 178 374 292 375 382 149 
195 380 100 87 235 57 76 
41 55 358 103 77 45 353 
85 1 65 347 355 42 55 
42 115 389 192 360 371 273 
125 46 26 389 162 1 113 
163 12 284 209 112 124 267 
366 21 186 118 2 257 261 
209 166 369 318 25 381 40 
112 33 62 379 214 228 254 
67 128 345 323 85 377 6 
78 273 90 182 32 201 389 
323 249 50 314 53 385 280 
53 191 216 123 3 152 372 
82 50 120 224 221 226 101 
354 144 33 267 258 181 198 
230 276 316 301 131 142 207 
93 65 7 337 174 109 290 
156 276 45 132 144 208 155 
173 344 89 111 348 158 171 
48 119 331 294 305 250 279 
287 32 102 316 20 75 151 
179 186 320 7 177 222 82 
70 14 376 339 187 309 308 
153 205 160 251 13 233 305 
93 11 123 298 188 394 9 
63 195 71 5 188 339 310 
241 136 193 282 126 247 119 
184 238 275 255 73 391 124 
244 7 106 50 92 319 361 
5 324 385 152 6 49 212 
312 360 13 48 147 191 166 
186 150 332 27 384 252 281 
56 185 294 103 311 184 345 
107 143 83 77 370 74 175 
384 371 64 362 342 246 306 
82 67 366 319 385 325 392 
278 116 50 172 233 179 268 
101 87 55 311 366 7 59 
148 16 17 382 267 373 205 
41 305 113 142 217 395 17 
18 36 257 276 228 378 230 
42 144 158 180 126 19 113 
397 322 76 366 103 177 215 
10 197 54 58 135 189 393 
114 257 37 200 163 143 140 
22 168 313 45 375 332 301 
386 149 109 347 118 235 30 
392 87 220 68 3 35 279 
101 177 233 84 272 156 128 
37 185 357 264 213 21 190 
106 251 151 373 142 78 289 
333 72 349 280 48 225 217 
292 373 27 380 143 34 214 
172 162 181 155 321 284 218 
251 24 171 356 44 27 156 
276 226 162 66 303 305 147 
2 337 325 209 344 383 184 
105 38 82 173 107 227 174 
360 371 149 147 145 201 157 
359 103 86 279 311 3 264 
16 189 39 341 343 313 210 
103 272 250 87 105 225 367 
203 299 82 330 285 275 265 
214 387 35 178 375 306 27 
108 197 259 94 270 230 112 
188 66 239 249 35 365 262 
238 114 25 185 165 29 96 
241 194 79 229 140 198 108 
212 371 308 192 312 138 71 
65 258 327 291 370 84 15 
154 185 143 3 247 209 8 
366 337 129 119 240 84 3 
362 293 186 31 343 72 116 
68 178 133 19 123 147 283 
263 378 4 78 116 235 55 
385 221 127 279 242 313 76 
55 117 264 370 10 114 80 
299 227 159 273 138 265 80 
59 113 162 150 172 119 34 
12 301 134 29 149 248 318 
12 126 49 242 58 160 257 
330 344 145 361 159 259 109 
221 86 103 338 114 135 322 
4 387 112 11 32 189 333 
1 361 398 73 226 28 69 
216 369 186 143 269 279 213 
217 301 38 170 36 212 31 
370 23 3 143 249 350 7 
60 167 173 56 20 322 121 
20 102 359 68 265 180 291 
212 56 187 102 329 58 86 
21 2 173 325 5 250 160 
227 112 295 139 161 197 349 
368 147 46 5 217 60 86 
133 72 24 38 353 126 359 
206 373 187 269 260 341 110 
115 125 85 183 310 239 94 
206 396 45 66 245 274 130 
255 149 275 273 300 166 145 
47 389 227 141 232 340 20 
32 324 68 307 123 183 51 
43 269 126 96 328 255 358 
47 196 178 217 342 15 33 
312 89 389 229 317 360 275 
277 94 326 150 352 20 104 
67 209 11 330 175 249 84 
64 91 258 163 218 20 159 
263 244 172 294 356 303 73 
298 270 310 90 168 116 189 
126 55 397 98 128 225 279 
132 120 297 83 135 17 19 
181 170 176 81 47 113 78 
65 177 257 28 136 195 105 
301 178 113 265 80 182 38 
359 126 153 237 194 322 395 
183 6 79 251 365 63 272 
28 243 17 74 233 176 194 
170 63 91 123 318 52 352 
310 246 328 19 183 28 391 
213 35 95 294 206 383 203 
336 171 338 85 152 5 325 
293 278 124 185 390 204 33 
5 333 39 251 97 52 376 
382 143 193 380 35 169 331 
221 25 374 48 264 296 301 
235 31 270 10 197 0 36 
124 289 118 361 42 57 165 
22 376 357 334 111 286 383 
105 182 275 242 282 138 371 
169 303 81 43 64 56 145 
143 335 215 53 233 241 24 
90 58 31 137 230 368 353 
6 142 141 167 82 335 358 
96 271 40 61 136 1 70 
23 62 193 123 360 47 175 
218 63 141 144 231 388 85 
95 273 379 64 137 232 96 
14 394 81 245 20 384 295 
91 155 396 376 252 204 303 
274 68 0 334 125 93 318 
216 382 63 250 206 70 81 
397 116 216 222 328 106 146 
30 29 88 202 203 226 68 
55 84 281 136 113 141 296 
397 282 8 287 153 129 250 
222 254 69 68 76 292 22 
199 318 98 241 290 193 113 
134 236 394 138 223 254 57 
13 151 341 129 123 75 300 
238 166 71 300 271 178 93 
368 254 340 142 371 319 117 
230 200 272 120 268 228 222 
261 103 34 323 28 263 92 
311 220 213 46 2 281 20 
345 298 133 204 170 332 73 
229 101 336 348 21 337 125 
87 93 347 1 209 193 165 
325 378 254 396 358 144 310 
349 244 231 251 73 0 368 
214 289 171 59 76 30 1 
331 77 245 360 111 11 144 
161 354 189 390 242 225 153 
225 208 222 165 143 228 43 
102 106 139 353 301 147 158 
16 315 229 35 90 292 302 
283 57 68 372 221 92 256 
201 220 274 100 236 369 219 
383 295 350 140 188 204 380 
202 324 152 392 377 343 334 
203 345 154 169 93 244 392 
320 310 269 138 313 117 104 
309 294 1 255 317 101 26 
200 141 162 338 206 101 180 
158 254 20 391 207 289 96 
371 367 161 47 8 214 133 
303 58 398 200 284 50 323 
279 249 248 114 127 366 264 
61 28 70 104 52 152 86 
121 25 384 368 220 250 45 
332 87 29 71 381 383 61 
377 15 239 135 204 256 323 
65 183 273 11 192 26 188 
145 328 123 133 295 340 60 
281 37 81 372 91 104 235 
28 276 47 107 24 6 56 
236 213 33 329 370 373 18 
168 393 352 10 155 39 230 
385 283 202 362 50 216 297 
131 28 307 60 178 163 109 
336 353 116 155 135 252 36 
213 362 157 81 140 46 190 
17 355 122 117 37 156 336 
91 137 309 340 355 138 316 
356 162 378 211 92 337 365 
310 341 149 196 293 21 236 
6 241 63 308 200 175 176 
367 363 175 193 19 145 165 
319 221 289 227 80 201 197 
74 335 7 307 364 195 4 
335 240 356 176 148 206 153 
130 259 298 239 157 326 118 
73 57 252 207 270 246 125 
265 375 386 164 44 60 395 
277 223 116 91 141 377 181 
173 41 33 289 96 224 304 
143 148 190 27 390 302 205 
288 254 251 139 75 192 230 
217 235 81 236 9 110 291 
44 280 245 17 152 70 258 
208 393 80 253 42 219 374 
34 130 211 219 223 215 232 
187 350 8 326 138 393 115 
146 52 324 272 263 69 251 
146 154 282 269 70 19 166 
260 346 345 318 387 102 150 
118 102 226 65 323 64 285 
338 249 385 3 326 2 215 
202 171 384 38 22 349 73 
154 43 89 356 119 61 103 
21 311 384 46 234 294 275 
198 137 305 287 126 149 81 
277 306 36 254 221 333 45 
229 191 331 205 157 115 149 
165 73 323 85 175 272 328 
82 323 66 359 202 152 338 
214 391 71 89 105 273 271 
75 340 159 278 286 44 51 
33 269 341 375 83 45 189 
380 145 73 105 93 184 89 
12 100 79 28 193 182 199 
386 88 75 196 299 300 51 
313 49 66 336 128 343 366 
181 228 107 353 303 378 323 
190 387 374 124 331 193 34 
285 218 198 316 176 307 6 
109 230 355 288 182 378 379 
202 348 301 82 256 266 386 
326 333 98 219 237 161 289 
92 392 21 313 206 285 195 
35 84 59 26 65 180 218 
392 0 236 187 259 104 227 
327 207 261 296 105 76 320 
191 162 182 247 135 140 233 
219 107 225 127 160 361 66 
381 348 39 2 262 220 75 
46 313 264 35 119 265 321 
187 180 396 20 269 183 258 
246 2 184 261 100 260 18 
138 49 351 195 241 292 100 
299 309 307 141 218 95 47 
4 129 356 237 288 317 233 
224 213 106 208 96 253 55 
384 73 77 9 303 24 225 
345 334 212 319 313 359 171 
97 13 178 278 309 188 300 
244 331 98 59 253 226 215 
365 14 188 256 303 111 139 
259 218 81 91 200 62 290 
137 254 116 304 41 121 322 
34 381 3 70 296 213 202 
178 195 171 361 232 93 386 
87 39 268 263 320 365 385 
42 250 43 230 12 117 304 
306 138 266 283 234 392 376 
190 204 208 226 130 248 209 
172 91 121 109 282 180 57 
385 88 357 362 82 372 2 
105 186 263 61 392 64 311 
138 295 391 52 387 201 166 
155 277 239 350 320 228 396 
368 287 352 133 387 316 33 
118 137 344 174 160 192 18 
19 184 103 247 328 101 1 
258 83 351 155 335 269 66 
344 271 121 232 260 75 289 
185 129 191 92 23 109 291 
264 390 346 329 302 132 341 
104 321 95 234 195 286 299 
15 378 320 195 336 155 141 
249 165 363 374 134 100 361 
157 350 319 242 206 120 134 
336 278 321 196 114 239 191 
137 346 114 77 388 252 306 
260 356 351 39 210 45 139 
366 199 128 335 100 378 117 
37 109 318 99 203 348 195 
250 46 94 385 92 296 67 
135 125 345 29 243 90 343 
256 36 107 376 223 350 195 
216 248 252 205 132 147 245 
281 316 364 313 39 156 153 
209 193 42 59 232 100 109 
163 318 182 221 117 207 141 
204 10 347 72 228 284 15 
270 135 267 229 367 122 74 
32 293 369 111 193 309 140 
3 237 331 383 262 25 37 
78 382 243 113 253 233 153 
357 319 160 46 295 157 294 
47 151 70 324 312 291 187 
246 161 238 80 357 115 253 
136 322 379 79 128 304 59 
314 70 386 287 178 5 13 
76 121 311 348 372 296 186 
24 123 8 182 139 144 20 
121 61 150 211 396 207 263 
21 205 386 7 334 129 203 
126 174 154 153 317 74 240 
307 23 354 175 256 133 323 
3 264 250 61 281 208 352 
149 363 285 138 110 93 259 
154 54 86 201 117 328 294 
87 294 146 262 286 45 111 
19 63 271 26 345 136 355 
109 192 334 310 51 340 123 
329 49 147 234 279 375 77 
234 217 119 111 44 300 191 
364 16 135 217 126 336 293 
41 69 90 221 349 294 238 
227 7 291 62 372 229 118 
106 153 4 243 148 395 43 
10 114 225 228 270 342 378 
77 292 65 199 371 58 247 
212 94 388 18 194 316 60 
327 192 245 324 200 292 188 
52 326 211 188 268 68 75 
35 53 290 244 307 153 377 
358 311 364 76 263 128 24 
382 54 56 222 359 19 8 
352 36 12 381 251 207 237 
252 373 162 398 258 81 342 
108 160 248 381 38 52 97 
363 54 161 107 270 72 297 
49 188 196 198 32 248 265 
261 163 127 185 269 175 275 
205 306 390 375 292 285 127 
27 211 132 53 222 60 183 
40 347 18 334 195 237 39 
318 368 201 232 355 145 158 
324 58 192 0 115 111 367 
210 107 214 365 309 354 310 
333 281 245 190 234 160 369 
255 98 261 253 369 146 165 
69 295 333 87 49 79 134 
125 197 393 110 120 301 210 
304 78 316 280 134 272 141 
391 232 112 60 214 79 24 
377 307 218 203 172 176 167 
220 396 186 281 298 3 225 
282 108 395 80 278 304 196 
190 216 118 175 14 249 200 
346 0 291 393 33 212 161 
391 361 161 164 306 94 251 
79 325 206 103 331 46 126 
283 263 342 46 168 387 182 
135 219 332 128 194 354 328 
267 246 21 25 117 36 224 
60 280 379 231 97 271 41 
334 246 138 210 168 146 29 
395 35 94 156 79 319 195 
349 320 319 22 31 45 298 
323 258 62 172 365 396 154 
341 294 329 97 166 300 11 
260 124 241 159 198 317 172 
300 131 251 187 154 287 344 
275 286 302 32 300 99 308 
68 340 129 65 99 53 101 
234 22 255 106 237 177 41 
383 177 328 345 339 89 11 
65 178 329 1 145 110 398 
234 235 92 107 236 186 45 
127 238 48 282 363 149 98 
208 84 163 347 265 374 370 
100 279 318 104 185 296 282 
116 150 122 128 243 315 64 
334 115 23 30 209 227 385 
305 63 269 300 172 169 95 
204 270 244 109 211 387 393 
388 91 75 308 118 330 198 
23 80 359 127 59 247 229 
156 221 278 99 230 358 320 
374 212 115 315 27 306 72 
287 196 4 230 291 135 211 
381 158 219 366 45 150 164 
91 167 186 9 220 345 397 
309 232 63 56 328 166 287 
383 290 152 111 349 160 229 
271 113 253 250 356 381 276 
253 367 383 273 238 154 163 
296 108 293 69 349 98 304 
187 118 110 200 240 205 81 
346 4 316 167 266 352 155 
390 44 151 14 77 97 198 
157 122 162 26 268 198 78 
90 151 11 280 227 71 354 
128 224 116 186 358 261 228 
36 183 268 196 182 297 181 
156 390 21 3 266 5 49 
276 335 164 181 83 243 63 
298 216 290 183 87 46 334 
112 251 210 166 182 246 276 
290 85 250 209 101 89 165 
254 274 41 273 79 122 111 
340 105 350 170 394 348 339 
352 364 144 83 25 142 22 
131 74 18 205 233 200 198 
208 267 189 302 83 301 243 
121 150 136 158 274 40 232 
90 106 38 46 391 329 210 
385 256 161 244 299 262 210 
227 223 274 394 31 202 326 
2 358 49 168 293 139 237 
354 183 15 265 212 120 176 
153 139 151 4 13 16 217 
380 197 229 50 72 256 124 
361 0 215 18 108 158 114 
388 56 79 20 344 62 95 
135 168 133 167 212 252 362 
257 179 137 109 29 107 196 
304 113 312 198 309 194 160 
215 119 383 286 384 392 330 
370 118 170 151 164 302 131 
9 200 65 307 347 203 317 
95 258 330 303 218 335 377 
191 240 350 93 15 225 130 
66 379 25 295 346 7 382 
301 66 164 132 354 375 13 
41 28 236 78 224 309 181 
106 82 89 365 9 280 130 
202 40 224 276 352 141 284 
181 199 352 218 315 6 23 
182 131 267 149 42 78 391 
21 242 186 168 313 266 362 
262 83 397 154 350 11 286 
163 278 203 15 17 379 224 
163 83 183 306 29 204 377 
358 25 184 199 261 85 276 
247 287 193 317 185 337 355 
308 176 65 307 151 398 159 
300 13 205 149 317 110 192 
137 260 337 136 214 173 186 
139 245 22 326 146 155 120 
25 8 202 146 104 57 186 
129 177 357 395 313 266 348 
388 277 339 155 358 121 338 
308 223 97 63 303 230 354 
162 132 40 44 63 142 148 
240 6 249 156 339 85 250 
273 32 286 93 98 317 292 
314 103 21 127 395 296 82 
226 284 243 335 377 169 318 
199 144 368 388 6 175 67 
138 102 247 215 30 369 7 
291 11 244 259 95 54 223 
250 174 355 100 366 136 209 
168 125 260 134 326 108 197 
250 319 262 251 71 38 115 
218 323 327 67 367 244 365 
15 179 307 194 170 6 272 
294 69 99 264 319 58 103 
231 9 172 129 44 45 202 
156 305 206 205 241 190 376 
365 54 228 175 15 380 303 
129 55 238 278 298 294 137 
306 295 286 259 192 273 238 
122 50 223 241 23 326 159 
354 171 12 317 216 321 64 
53 156 74 92 364 148 6 
133 375 359 217 384 266 22 
257 43 158 217 24 131 194 
373 147 192 32 131 145 391 
333 68 235 195 266 134 394 
210 242 267 8 269 168 297 
147 206 152 16 40 221 398 
40 30 379 391 263 260 1 
185 203 331 347 62 220 209 
164 351 318 300 147 321 330 
0 306 238 283 80 22 321 
153 365 198 278 127 128 119 
204 36 168 202 334 320 266 
380 78 284 199 59 24 307 
228 338 280 105 122 24 350 
67 157 315 50 127 34 382 
293 220 90 10 254 224 12 
181 50 365 342 290 204 161 
285 23 266 37 203 321 190 
276 29 391 163 272 342 43 
14 173 353 133 280 303 202 
69 177 171 329 311 184 369 
282 173 178 203 305 159 355 
350 248 87 229 10 222 86 
264 117 103 101 143 247 222 
203 91 286 245 188 51 394 
288 272 303 368 26 284 41 
38 343 390 229 119 233 357 
190 162 346 84 198 176 199 
106 191 132 122 145 54 77 
134 382 339 136 325 101 313 
105 8 355 251 334 325 70 
287 269 359 123 312 121 142 
155 313 356 150 125 180 393 
217 250 49 144 316 341 312 
397 241 74 84 100 143 247 
66 180 29 192 252 330 64 
316 278 317 53 85 374 327 
376 320 183 54 146 152 295 
211 122 340 320 364 116 372 
255 293 311 329 332 158 55 
285 178 205 169 50 212 17 
234 257 213 173 187 61 27 
332 395 69 333 248 279 390 
332 342 214 113 238 225 119 
208 331 87 120 264 319 12 
64 225 215 257 174 235 259 
215 372 140 91 20 185 88 
379 18 19 183 57 323 179 
164 166 130 196 234 332 97 
106 264 1 356 84 284 34 
181 360 152 72 14 350 227 
38 342 78 297 197 80 354 
142 280 248 267 221 250 342 
12 368 262 344 276 360 139 
123 5 316 354 168 396 196 
337 398 114 368 293 85 331 
30 192 187 152 299 291 65 
151 177 343 2 381 194 364 
88 296 294 366 220 173 332 
239 188 330 130 360 162 347 
242 248 397 359 102 326 135 
386 15 16 36 324 66 211 
105 397 233 314 7 159 2 
339 396 167 394 116 320 280 
226 1 240 17 43 284 86 
351 52 233 44 364 241 369 
236 202 380 107 23 111 299 
236 109 300 110 299 231 203 
44 13 176 53 302 205 324 
319 11 286 326 129 344 132 
150 39 171 146 125 332 108 
89 201 331 42 48 255 110 
161 370 190 120 106 267 165 
268 33 197 81 38 120 31 
201 26 81 57 96 174 226 
169 83 123 202 245 277 167 
164 77 194 308 56 291 215 
97 260 75 231 95 33 277 
263 155 76 211 327 228 288 
151 271 309 55 9 329 173 
17 193 72 143 191 190 229 
116 118 230 85 267 260 335 
55 46 174 11 273 310 130 
384 113 255 360 351 232 348 
226 256 37 333 347 12 249 
180 233 207 322 257 395 222 
9 14 133 266 333 171 102 
208 325 333 350 99 357 257 
23 107 8 67 95 100 262 
344 274 51 40 30 211 254 
51 369 23 299 179 68 372 
225 379 76 46 39 244 34 
363 323 247 380 290 225 347 
302 147 160 213 384 56 69 
323 169 176 388 6 258 287 
128 310 292 343 83 15 74 
78 98 52 308 259 315 360 
100 216 40 57 247 34 19 
228 370 354 27 36 4 83 
54 173 354 139 378 236 312 
223 335 370 249 228 323 397 
32 48 295 390 71 149 13 
102 2 103 279 177 313 311 
114 314 58 390 118 362 173 
93 182 256 363 73 360 295 
187 230 5 139 210 36 33 
394 326 362 14 91 252 334 
43 112 46 246 69 201 373 
383 73 240 233 330 377 290 
14 344 147 130 188 333 386 
210 325 112 267 154 353 275 
306 357 132 239 18 310 278 
255 347 338 59 299 383 219 
241 128 141 74 199 258 104 
229 212 214 197 382 115 242 
373 216 324 49 235 74 189 
15 188 280 181 307 299 312 
246 255 42 187 96 289 325 
282 312 52 182 32 16 300 
244 90 0 30 139 284 324 
84 6 127 77 302 398 305 
352 388 129 370 321 148 156 
137 341 234 386 366 292 216 
283 129 148 211 346 278 117 
116 358 117 74 284 57 101 
25 76 67 294 321 92 107 
289 69 189 328 102 322 55 
267 331 214 17 390 90 72 
224 72 237 257 336 266 393 
273 174 330 94 371 113 355 
386 380 110 226 369 337 257 
311 25 86 343 322 325 69 
321 99 213 291 177 86 392 
251 393 308 170 252 316 108 
272 66 395 5 125 38 240 
29 270 222 214 38 290 28 
87 130 179 394 249 62 213 
7 231 293 340 151 317 88 
370 169 239 196 37 204 346 
104 376 346 177 56 338 18 
102 126 375 48 77 384 173 
88 238 270 361 254 289 349 
37 209 199 374 398 360 49 
396 68 86 263 15 352 272 
184 177 9 60 332 140 348 
27 192 52 286 105 99 71 
155 261 370 177 219 43 281 
206 37 318 191 86 264 395 
114 34 352 204 355 327 283 
156 22 129 77 264 368 294 
197 31 362 270 210 161 236 
25 367 73 284 337 353 288 
387 169 315 285 256 267 67 
93 227 299 349 344 166 231 
92 283 127 206 190 100 3 
219 291 55 76 257 96 336 
265 258 379 307 316 47 142 
363 82 236 349 361 255 80 
240 141 278 342 396 88 260 
260 161 14 268 73 146 223 
62 89 96 261 59 337 121 
334 330 306 314 44 71 133 
236 269 382 74 47 167 144 
277 88 227 130 320 321 10 
86 194 152 369 312 296 199 
297 31 144 115 252 371 122 
13 240 386 307 217 152 231 
15 35 359 64 208 367 298 
351 27 40 329 324 76 84 
333 336 339 86 55 346 304 
154 129 106 206 359 17 232 
99 3 2 369 334 185 187 
297 116 117 45 83 31 10 
9 26 340 220 87 337 55 
159 379 108 289 342 113 389 
40 79 322 337 60 364 171 
331 26 165 247 200 42 367 
62 68 201 8 244 380 165 
322 232 174 335 28 288 43 
194 103 156 213 348 191 287 
32 343 262 191 153 279 46 
10 9 268 362 125 346 170 
54 134 97 251 212 63 268 
77 397 3 133 376 364 27 
99 105 317 131 184 48 143 
79 275 160 177 119 351 77 
160 112 342 360 140 124 303 
361 335 43 163 74 290 79 
37 284 84 4 176 377 315 
219 391 189 132 292 265 233 
157 161 283 363 23 244 124 
374 255 99 98 138 238 42 
324 274 360 372 252 141 293 
87 397 138 214 19 189 329 
78 353 287 276 96 288 145 
47 1 162 219 9 84 213 
355 389 80 142 163 96 47 
256 65 122 230 346 6 284 
44 292 307 84 30 151 53 
0 211 368 352 252 298 10 
383 300 48 70 369 185 193 
281 130 174 327 92 249 366 
314 48 226 247 124 246 205 
102 88 314 221 129 168 121 
226 279 136 206 34 61 366 
382 271 42 145 308 317 282 
188 15 396 51 277 152 218 
282 259 99 35 89 201 93 
57 272 377 322 28 64 355 
336 309 351 234 312 136 162 
298 283 333 201 235 361 130 
213 104 215 82 264 311 92 
349 393 146 259 277 274 134 
39 54 211 235 137 336 310 
375 316 305 245 97 13 44 
378 353 360 122 174 126 66 
161 265 319 356 112 93 387 
270 195 227 196 320 260 93 
180 311 87 99 281 279 119 
345 330 262 353 366 356 315 
140 94 297 315 100 63 381 
393 15 285 365 200 239 229 
207 31 268 254 29 108 91 
125 179 381 385 31 211 231 
281 7 392 9 240 218 53 
47 17 181 370 53 200 291 
371 141 385 175 327 100 310 
221 361 96 98 366 104 12 
287 19 182 47 354 60 272 
179 244 237 57 298 235 363 
302 281 21 343 45 217 167 
33 214 70 350 97 71 111 
45 225 0 263 264 27 38 
121 48 237 215 386 68 146 
339 61 128 243 296 280 364 
347 388 35 345 281 126 337 
61 387 313 246 294 282 376 
367 240 174 325 89 314 361 
120 398 26 181 80 371 90 
306 149 169 190 124 373 302 
118 338 88 187 275 252 20 
231 337 296 271 1 59 158 
89 87 125 296 227 2 219 
379 268 28 207 218 94 272 
263 53 167 258 213 233 148 
24 186 150 167 170 155 364 
170 208 53 395 28 382 235 
208 33 22 246 8 39 27 
359 336 132 395 158 328 22 
378 303 57 268 137 288 371 
363 92 117 373 270 0 293 
157 94 321 236 368 275 348 
4 24 151 397 49 102 52 
196 18 219 145 235 252 327 
175 50 114 247 284 297 353 
162 14 371 283 326 30 159 
49 13 395 194 16 381 301 
118 228 139 66 393 242 31 
144 79 389 141 349 328 367 
261 101 292 347 29 45 293 
96 43 113 378 258 28 207 
377 47 364 199 185 321 34 
283 237 374 213 8 76 266 
33 112 155 20 260 171 274 
316 242 198 24 268 180 230 
255 25 210 2 12 289 253 
351 132 123 274 22 44 166 
290 37 229 0 53 217 205 
62 231 274 338 70 89 232 
109 318 287 32 94 95 58 
281 290 258 185 225 143 119 
314 361 328 310 238 278 304 
291 80 106 8 283 72 42 
176 398 169 226 163 330 32 
51 121 71 171 320 254 231 
248 2 357 369 14 140 275 
6 367 126 355 363 382 290 
301 305 265 94 285 242 107 
115 31 349 25 0 254 372 
13 110 312 271 78 17 131 
120 204 362 256 203 179 357 
271 164 132 19 80 314 125 
340 93 287 307 367 85 62 
212 326 336 266 173 339 376 
0 327 199 183 389 144 165 
183 373 134 130 112 189 335 
217 386 174 195 336 274 340 
326 308 346 58 151 97 133 
128 189 342 144 293 374 281 
334 295 163 324 283 373 246 
341 147 18 324 92 369 175 
285 157 242 190 380 256 35 
134 26 40 289 145 387 14 
104 343 107 397 385 58 291 
345 104 231 109 368 287 308 
59 384 290 398 203 238 292 
168 256 172 265 23 140 357 
207 388 170 24 288 228 64 
23 219 298 67 179 165 239 
150 66 263 279 52 381 215 
305 16 180 352 120 359 58 
110 54 230 341 305 356 16 
204 51 88 330 277 14 172 
198 303 358 379 275 172 309 
221 124 21 210 237 369 202 
18 251 85 304 253 271 28 
110 176 85 200 305 382 309 
209 29 253 262 26 273 140 
48 69 103 328 304 255 341 
241 388 232 259 382 165 180 
398 53 190 247 283 133 390 
276 329 312 61 5 4 343 
