1428 2643
0 1 6 7 8 9 10 
1 2 6 11 12 13 14 
2 3 7 11 15 16 17 
3 4 8 12 15 18 19 
4 5 9 13 16 18 20 
0 5 10 14 17 19 20 
0 6 21 22 23 24 25 
1 7 21 26 27 28 29 
2 8 22 26 30 31 32 
3 9 23 27 30 33 34 
4 10 24 28 31 33 35 
1 5 25 29 32 34 35 
6 11 21 36 37 38 39 
7 12 22 36 40 41 42 
8 13 23 37 40 43 44 
9 14 24 38 41 43 45 
2 10 25 39 42 44 45 
11 15 26 36 46 47 48 
12 16 27 37 46 49 50 
13 17 28 38 47 49 51 
3 14 29 39 48 50 51 
15 18 30 40 46 52 53 
16 19 31 41 47 52 54 
4 17 32 42 48 53 54 
18 20 33 43 49 52 55 
5 19 34 44 50 53 55 
0 20 35 45 51 54 55 
0 21 56 57 58 59 60 
1 22 56 61 62 63 64 
2 23 57 61 65 66 67 
3 24 58 62 65 68 69 
4 25 59 63 66 68 70 
5 6 60 64 67 69 70 
6 26 56 71 72 73 74 
7 27 57 71 75 76 77 
8 28 58 72 75 78 79 
9 29 59 73 76 78 80 
7 10 60 74 77 79 80 
11 30 61 71 81 82 83 
12 31 62 72 81 84 85 
13 32 63 73 82 84 86 
8 14 64 74 83 85 86 
15 33 65 75 81 87 88 
16 34 66 76 82 87 89 
9 17 67 77 83 88 89 
18 35 68 78 84 87 90 
10 19 69 79 85 88 90 
1 20 70 80 86 89 90 
21 36 56 91 92 93 94 
22 37 57 91 95 96 97 
23 38 58 92 95 98 99 
24 39 59 93 96 98 100 
11 25 60 94 97 99 100 
26 40 61 91 101 102 103 
27 41 62 92 101 104 105 
28 42 63 93 102 104 106 
12 29 64 94 103 105 106 
30 43 65 95 101 107 108 
31 44 66 96 102 107 109 
13 32 67 97 103 108 109 
33 45 68 98 104 107 110 
14 34 69 99 105 108 110 
2 35 70 100 106 109 110 
36 46 71 91 111 112 113 
37 47 72 92 111 114 115 
38 48 73 93 112 114 116 
15 39 74 94 113 115 116 
40 49 75 95 111 117 118 
41 50 76 96 112 117 119 
16 42 77 97 113 118 119 
43 51 78 98 114 117 120 
17 44 79 99 115 118 120 
3 45 80 100 116 119 120 
46 52 81 101 111 121 122 
47 53 82 102 112 121 123 
18 48 83 103 113 122 123 
49 54 84 104 114 121 124 
19 50 85 105 115 122 124 
4 51 86 106 116 123 124 
52 55 87 107 117 121 125 
20 53 88 108 118 122 125 
5 54 89 109 119 123 125 
0 55 90 110 120 124 125 
0 56 126 127 128 129 130 
1 57 126 131 132 133 134 
2 58 127 131 135 136 137 
3 59 128 132 135 138 139 
4 60 129 133 136 138 140 
5 21 130 134 137 139 140 
6 61 126 141 142 143 144 
7 62 127 141 145 146 147 
8 63 128 142 145 148 149 
9 64 129 143 146 148 150 
10 22 130 144 147 149 150 
11 65 131 141 151 152 153 
12 66 132 142 151 154 155 
13 67 133 143 152 154 156 
14 23 134 144 153 155 156 
15 68 135 145 151 157 158 
16 69 136 146 152 157 159 
17 24 137 147 153 158 159 
18 70 138 148 154 157 160 
19 25 139 149 155 158 160 
6 20 140 150 156 159 160 
21 71 126 161 162 163 164 
22 72 127 161 165 166 167 
23 73 128 162 165 168 169 
24 74 129 163 166 168 170 
25 26 130 164 167 169 170 
26 75 131 161 171 172 173 
27 76 132 162 171 174 175 
28 77 133 163 172 174 176 
27 29 134 164 173 175 176 
30 78 135 165 171 177 178 
31 79 136 166 172 177 179 
28 32 137 167 173 178 179 
33 80 138 168 174 177 180 
29 34 139 169 175 178 180 
7 35 140 170 176 179 180 
36 81 141 161 181 182 183 
37 82 142 162 181 184 185 
38 83 143 163 182 184 186 
30 39 144 164 183 185 186 
40 84 145 165 181 187 188 
41 85 146 166 182 187 189 
31 42 147 167 183 188 189 
43 86 148 168 184 187 190 
32 44 149 169 185 188 190 
8 45 150 170 186 189 190 
46 87 151 171 181 191 192 
47 88 152 172 182 191 193 
33 48 153 173 183 192 193 
49 89 154 174 184 191 194 
34 50 155 175 185 192 194 
9 51 156 176 186 193 194 
52 90 157 177 187 191 195 
35 53 158 178 188 192 195 
10 54 159 179 189 193 195 
1 55 160 180 190 194 195 
56 91 126 196 197 198 199 
57 92 127 196 200 201 202 
58 93 128 197 200 203 204 
59 94 129 198 201 203 205 
36 60 130 199 202 204 205 
61 95 131 196 206 207 208 
62 96 132 197 206 209 210 
63 97 133 198 207 209 211 
37 64 134 199 208 210 211 
65 98 135 200 206 212 213 
66 99 136 201 207 212 214 
38 67 137 202 208 213 214 
68 100 138 203 209 212 215 
39 69 139 204 210 213 215 
11 70 140 205 211 214 215 
71 101 141 196 216 217 218 
72 102 142 197 216 219 220 
73 103 143 198 217 219 221 
40 74 144 199 218 220 221 
75 104 145 200 216 222 223 
76 105 146 201 217 222 224 
41 77 147 202 218 223 224 
78 106 148 203 219 222 225 
42 79 149 204 220 223 225 
12 80 150 205 221 224 225 
81 107 151 206 216 226 227 
82 108 152 207 217 226 228 
43 83 153 208 218 227 228 
84 109 154 209 219 226 229 
44 85 155 210 220 227 229 
13 86 156 211 221 228 229 
87 110 157 212 222 226 230 
45 88 158 213 223 227 230 
14 89 159 214 224 228 230 
2 90 160 215 225 229 230 
91 111 161 196 231 232 233 
92 112 162 197 231 234 235 
93 113 163 198 232 234 236 
46 94 164 199 233 235 236 
95 114 165 200 231 237 238 
96 115 166 201 232 237 239 
47 97 167 202 233 238 239 
98 116 168 203 234 237 240 
48 99 169 204 235 238 240 
15 100 170 205 236 239 240 
101 117 171 206 231 241 242 
102 118 172 207 232 241 243 
49 103 173 208 233 242 243 
104 119 174 209 234 241 244 
50 105 175 210 235 242 244 
16 106 176 211 236 243 244 
107 120 177 212 237 241 245 
51 108 178 213 238 242 245 
17 109 179 214 239 243 245 
3 110 180 215 240 244 245 
111 121 181 216 231 246 247 
112 122 182 217 232 246 248 
52 113 183 218 233 247 248 
114 123 184 219 234 246 249 
53 115 185 220 235 247 249 
18 116 186 221 236 248 249 
117 124 187 222 237 246 250 
54 118 188 223 238 247 250 
19 119 189 224 239 248 250 
4 120 190 225 240 249 250 
121 125 191 226 241 246 251 
55 122 192 227 242 247 251 
20 123 193 228 243 248 251 
5 124 194 229 244 249 251 
0 125 195 230 245 250 251 
0 126 252 253 254 255 256 
1 127 252 257 258 259 260 
2 128 253 257 261 262 263 
3 129 254 258 261 264 265 
4 130 255 259 262 264 266 
5 56 256 260 263 265 266 
6 131 252 267 268 269 270 
7 132 253 267 271 272 273 
8 133 254 268 271 274 275 
9 134 255 269 272 274 276 
10 57 256 270 273 275 276 
11 135 257 267 277 278 279 
12 136 258 268 277 280 281 
13 137 259 269 278 280 282 
14 58 260 270 279 281 282 
15 138 261 271 277 283 284 
16 139 262 272 278 283 285 
17 59 263 273 279 284 285 
18 140 264 274 280 283 286 
19 60 265 275 281 284 286 
20 21 266 276 282 285 286 
21 141 252 287 288 289 290 
22 142 253 287 291 292 293 
23 143 254 288 291 294 295 
24 144 255 289 292 294 296 
25 61 256 290 293 295 296 
26 145 257 287 297 298 299 
27 146 258 288 297 300 301 
28 147 259 289 298 300 302 
29 62 260 290 299 301 302 
30 148 261 291 297 303 304 
31 149 262 292 298 303 305 
32 63 263 293 299 304 305 
33 150 264 294 300 303 306 
34 64 265 295 301 304 306 
22 35 266 296 302 305 306 
36 151 267 287 307 308 309 
37 152 268 288 307 310 311 
38 153 269 289 308 310 312 
39 65 270 290 309 311 312 
40 154 271 291 307 313 314 
41 155 272 292 308 313 315 
42 66 273 293 309 314 315 
43 156 274 294 310 313 316 
44 67 275 295 311 314 316 
23 45 276 296 312 315 316 
46 157 277 297 307 317 318 
47 158 278 298 308 317 319 
48 68 279 299 309 318 319 
49 159 280 300 310 317 320 
50 69 281 301 311 318 320 
24 51 282 302 312 319 320 
52 160 283 303 313 317 321 
53 70 284 304 314 318 321 
25 54 285 305 315 319 321 
6 55 286 306 316 320 321 
56 161 252 322 323 324 325 
57 162 253 322 326 327 328 
58 163 254 323 326 329 330 
59 164 255 324 327 329 331 
60 71 256 325 328 330 331 
61 165 257 322 332 333 334 
62 166 258 323 332 335 336 
63 167 259 324 333 335 337 
64 72 260 325 334 336 337 
65 168 261 326 332 338 339 
66 169 262 327 333 338 340 
67 73 263 328 334 339 340 
68 170 264 329 335 338 341 
69 74 265 330 336 339 341 
26 70 266 331 337 340 341 
71 171 267 322 342 343 344 
72 172 268 323 342 345 346 
73 173 269 324 343 345 347 
74 75 270 325 344 346 347 
75 174 271 326 342 348 349 
76 175 272 327 343 348 350 
76 77 273 328 344 349 350 
78 176 274 329 345 348 351 
77 79 275 330 346 349 351 
27 80 276 331 347 350 351 
81 177 277 332 342 352 353 
82 178 278 333 343 352 354 
78 83 279 334 344 353 354 
84 179 280 335 345 352 355 
79 85 281 336 346 353 355 
28 86 282 337 347 354 355 
87 180 283 338 348 352 356 
80 88 284 339 349 353 356 
29 89 285 340 350 354 356 
7 90 286 341 351 355 356 
91 181 287 322 357 358 359 
92 182 288 323 357 360 361 
93 183 289 324 358 360 362 
81 94 290 325 359 361 362 
95 184 291 326 357 363 364 
96 185 292 327 358 363 365 
82 97 293 328 359 364 365 
98 186 294 329 360 363 366 
83 99 295 330 361 364 366 
30 100 296 331 362 365 366 
101 187 297 332 357 367 368 
102 188 298 333 358 367 369 
84 103 299 334 359 368 369 
104 189 300 335 360 367 370 
85 105 301 336 361 368 370 
31 106 302 337 362 369 370 
107 190 303 338 363 367 371 
86 108 304 339 364 368 371 
32 109 305 340 365 369 371 
8 110 306 341 366 370 371 
111 191 307 342 357 372 373 
112 192 308 343 358 372 374 
87 113 309 344 359 373 374 
114 193 310 345 360 372 375 
88 115 311 346 361 373 375 
33 116 312 347 362 374 375 
117 194 313 348 363 372 376 
89 118 314 349 364 373 376 
34 119 315 350 365 374 376 
9 120 316 351 366 375 376 
121 195 317 352 367 372 377 
90 122 318 353 368 373 377 
35 123 319 354 369 374 377 
10 124 320 355 370 375 377 
1 125 321 356 371 376 377 
126 196 252 378 379 380 381 
127 197 253 378 382 383 384 
128 198 254 379 382 385 386 
129 199 255 380 383 385 387 
91 130 256 381 384 386 387 
131 200 257 378 388 389 390 
132 201 258 379 388 391 392 
133 202 259 380 389 391 393 
92 134 260 381 390 392 393 
135 203 261 382 388 394 395 
136 204 262 383 389 394 396 
93 137 263 384 390 395 396 
138 205 264 385 391 394 397 
94 139 265 386 392 395 397 
36 140 266 387 393 396 397 
141 206 267 378 398 399 400 
142 207 268 379 398 401 402 
143 208 269 380 399 401 403 
95 144 270 381 400 402 403 
145 209 271 382 398 404 405 
146 210 272 383 399 404 406 
96 147 273 384 400 405 406 
148 211 274 385 401 404 407 
97 149 275 386 402 405 407 
37 150 276 387 403 406 407 
151 212 277 388 398 408 409 
152 213 278 389 399 408 410 
98 153 279 390 400 409 410 
154 214 280 391 401 408 411 
99 155 281 392 402 409 411 
38 156 282 393 403 410 411 
157 215 283 394 404 408 412 
100 158 284 395 405 409 412 
39 159 285 396 406 410 412 
11 160 286 397 407 411 412 
161 216 287 378 413 414 415 
162 217 288 379 413 416 417 
163 218 289 380 414 416 418 
101 164 290 381 415 417 418 
165 219 291 382 413 419 420 
166 220 292 383 414 419 421 
102 167 293 384 415 420 421 
168 221 294 385 416 419 422 
103 169 295 386 417 420 422 
40 170 296 387 418 421 422 
171 222 297 388 413 423 424 
172 223 298 389 414 423 425 
104 173 299 390 415 424 425 
174 224 300 391 416 423 426 
105 175 301 392 417 424 426 
41 176 302 393 418 425 426 
177 225 303 394 419 423 427 
106 178 304 395 420 424 427 
42 179 305 396 421 425 427 
12 180 306 397 422 426 427 
181 226 307 398 413 428 429 
182 227 308 399 414 428 430 
107 183 309 400 415 429 430 
184 228 310 401 416 428 431 
108 185 311 402 417 429 431 
43 186 312 403 418 430 431 
187 229 313 404 419 428 432 
109 188 314 405 420 429 432 
44 189 315 406 421 430 432 
13 190 316 407 422 431 432 
191 230 317 408 423 428 433 
110 192 318 409 424 429 433 
45 193 319 410 425 430 433 
14 194 320 411 426 431 433 
2 195 321 412 427 432 433 
196 231 322 378 434 435 436 
197 232 323 379 434 437 438 
198 233 324 380 435 437 439 
111 199 325 381 436 438 439 
200 234 326 382 434 440 441 
201 235 327 383 435 440 442 
112 202 328 384 436 441 442 
203 236 329 385 437 440 443 
113 204 330 386 438 441 443 
46 205 331 387 439 442 443 
206 237 332 388 434 444 445 
207 238 333 389 435 444 446 
114 208 334 390 436 445 446 
209 239 335 391 437 444 447 
115 210 336 392 438 445 447 
47 211 337 393 439 446 447 
212 240 338 394 440 444 448 
116 213 339 395 441 445 448 
48 214 340 396 442 446 448 
15 215 341 397 443 447 448 
216 241 342 398 434 449 450 
217 242 343 399 435 449 451 
117 218 344 400 436 450 451 
219 243 345 401 437 449 452 
118 220 346 402 438 450 452 
49 221 347 403 439 451 452 
222 244 348 404 440 449 453 
119 223 349 405 441 450 453 
50 224 350 406 442 451 453 
16 225 351 407 443 452 453 
226 245 352 408 444 449 454 
120 227 353 409 445 450 454 
51 228 354 410 446 451 454 
17 229 355 411 447 452 454 
3 230 356 412 448 453 454 
231 246 357 413 434 455 456 
232 247 358 414 435 455 457 
121 233 359 415 436 456 457 
234 248 360 416 437 455 458 
122 235 361 417 438 456 458 
52 236 362 418 439 457 458 
237 249 363 419 440 455 459 
123 238 364 420 441 456 459 
53 239 365 421 442 457 459 
18 240 366 422 443 458 459 
241 250 367 423 444 455 460 
124 242 368 424 445 456 460 
54 243 369 425 446 457 460 
19 244 370 426 447 458 460 
4 245 371 427 448 459 460 
246 251 372 428 449 455 461 
125 247 373 429 450 456 461 
55 248 374 430 451 457 461 
20 249 375 431 452 458 461 
5 250 376 432 453 459 461 
0 251 377 433 454 460 461 
0 252 461 462 463 464 465 
1 253 461 466 467 468 469 
2 254 462 466 470 471 472 
3 255 463 467 470 473 474 
4 256 464 468 471 473 475 
5 126 465 469 472 474 475 
6 257 461 476 477 478 479 
7 258 462 476 480 481 482 
8 259 463 477 480 483 484 
9 260 464 478 481 483 485 
10 127 465 479 482 484 485 
11 261 466 476 486 487 488 
12 262 467 477 486 489 490 
13 263 468 478 487 489 491 
14 128 469 479 488 490 491 
15 264 470 480 486 492 493 
16 265 471 481 487 492 494 
17 129 472 482 488 493 494 
18 266 473 483 489 492 495 
19 130 474 484 490 493 495 
20 56 475 485 491 494 495 
21 267 461 496 497 498 499 
22 268 462 496 500 501 502 
23 269 463 497 500 503 504 
24 270 464 498 501 503 505 
25 131 465 499 502 504 505 
26 271 466 496 506 507 508 
27 272 467 497 506 509 510 
28 273 468 498 507 509 511 
29 132 469 499 508 510 511 
30 274 470 500 506 512 513 
31 275 471 501 507 512 514 
32 133 472 502 508 513 514 
33 276 473 503 509 512 515 
34 134 474 504 510 513 515 
35 57 475 505 511 514 515 
36 277 476 496 516 517 518 
37 278 477 497 516 519 520 
38 279 478 498 517 519 521 
39 135 479 499 518 520 521 
40 280 480 500 516 522 523 
41 281 481 501 517 522 524 
42 136 482 502 518 523 524 
43 282 483 503 519 522 525 
44 137 484 504 520 523 525 
45 58 485 505 521 524 525 
46 283 486 506 516 526 527 
47 284 487 507 517 526 528 
48 138 488 508 518 527 528 
49 285 489 509 519 526 529 
50 139 490 510 520 527 529 
51 59 491 511 521 528 529 
52 286 492 512 522 526 530 
53 140 493 513 523 527 530 
54 60 494 514 524 528 530 
21 55 495 515 525 529 530 
56 287 461 531 532 533 534 
57 288 462 531 535 536 537 
58 289 463 532 535 538 539 
59 290 464 533 536 538 540 
60 141 465 534 537 539 540 
61 291 466 531 541 542 543 
62 292 467 532 541 544 545 
63 293 468 533 542 544 546 
64 142 469 534 543 545 546 
65 294 470 535 541 547 548 
66 295 471 536 542 547 549 
67 143 472 537 543 548 549 
68 296 473 538 544 547 550 
69 144 474 539 545 548 550 
61 70 475 540 546 549 550 
71 297 476 531 551 552 553 
72 298 477 532 551 554 555 
73 299 478 533 552 554 556 
74 145 479 534 553 555 556 
75 300 480 535 551 557 558 
76 301 481 536 552 557 559 
77 146 482 537 553 558 559 
78 302 483 538 554 557 560 
79 147 484 539 555 558 560 
62 80 485 540 556 559 560 
81 303 486 541 551 561 562 
82 304 487 542 552 561 563 
83 148 488 543 553 562 563 
84 305 489 544 554 561 564 
85 149 490 545 555 562 564 
63 86 491 546 556 563 564 
87 306 492 547 557 561 565 
88 150 493 548 558 562 565 
64 89 494 549 559 563 565 
22 90 495 550 560 564 565 
91 307 496 531 566 567 568 
92 308 497 532 566 569 570 
93 309 498 533 567 569 571 
94 151 499 534 568 570 571 
95 310 500 535 566 572 573 
96 311 501 536 567 572 574 
97 152 502 537 568 573 574 
98 312 503 538 569 572 575 
99 153 504 539 570 573 575 
65 100 505 540 571 574 575 
101 313 506 541 566 576 577 
102 314 507 542 567 576 578 
103 154 508 543 568 577 578 
104 315 509 544 569 576 579 
105 155 510 545 570 577 579 
66 106 511 546 571 578 579 
107 316 512 547 572 576 580 
108 156 513 548 573 577 580 
67 109 514 549 574 578 580 
23 110 515 550 575 579 580 
111 317 516 551 566 581 582 
112 318 517 552 567 581 583 
113 157 518 553 568 582 583 
114 319 519 554 569 581 584 
115 158 520 555 570 582 584 
68 116 521 556 571 583 584 
117 320 522 557 572 581 585 
118 159 523 558 573 582 585 
69 119 524 559 574 583 585 
24 120 525 560 575 584 585 
121 321 526 561 576 581 586 
122 160 527 562 577 582 586 
70 123 528 563 578 583 586 
25 124 529 564 579 584 586 
6 125 530 565 580 585 586 
126 322 461 587 588 589 590 
127 323 462 587 591 592 593 
128 324 463 588 591 594 595 
129 325 464 589 592 594 596 
130 161 465 590 593 595 596 
131 326 466 587 597 598 599 
132 327 467 588 597 600 601 
133 328 468 589 598 600 602 
134 162 469 590 599 601 602 
135 329 470 591 597 603 604 
136 330 471 592 598 603 605 
137 163 472 593 599 604 605 
138 331 473 594 600 603 606 
139 164 474 595 601 604 606 
71 140 475 596 602 605 606 
141 332 476 587 607 608 609 
142 333 477 588 607 610 611 
143 334 478 589 608 610 612 
144 165 479 590 609 611 612 
145 335 480 591 607 613 614 
146 336 481 592 608 613 615 
147 166 482 593 609 614 615 
148 337 483 594 610 613 616 
149 167 484 595 611 614 616 
72 150 485 596 612 615 616 
151 338 486 597 607 617 618 
152 339 487 598 608 617 619 
153 168 488 599 609 618 619 
154 340 489 600 610 617 620 
155 169 490 601 611 618 620 
73 156 491 602 612 619 620 
157 341 492 603 613 617 621 
158 170 493 604 614 618 621 
74 159 494 605 615 619 621 
26 160 495 606 616 620 621 
161 342 496 587 622 623 624 
162 343 497 588 622 625 626 
163 344 498 589 623 625 627 
164 171 499 590 624 626 627 
165 345 500 591 622 628 629 
166 346 501 592 623 628 630 
167 172 502 593 624 629 630 
168 347 503 594 625 628 631 
169 173 504 595 626 629 631 
75 170 505 596 627 630 631 
171 348 506 597 622 632 633 
172 349 507 598 623 632 634 
173 174 508 599 624 633 634 
174 350 509 600 625 632 635 
76 176 511 602 627 634 635 
177 351 512 603 628 632 636 
176 178 513 604 629 633 636 
77 179 514 605 630 634 636 
27 180 515 606 631 635 636 
181 352 516 607 622 637 638 
182 353 517 608 623 637 639 
177 183 518 609 624 638 639 
184 354 519 610 625 637 640 
178 185 520 611 626 638 640 
78 186 521 612 627 639 640 
187 355 522 613 628 637 641 
179 188 523 614 629 638 641 
79 189 524 615 630 639 641 
28 190 525 616 631 640 641 
191 356 526 617 632 637 642 
180 192 527 618 633 638 642 
80 193 528 619 634 639 642 
29 194 529 620 635 640 642 
7 195 530 621 636 641 642 
196 357 531 587 643 644 645 
197 358 532 588 643 646 647 
198 359 533 589 644 646 648 
181 199 534 590 645 647 648 
200 360 535 591 643 649 650 
201 361 536 592 644 649 651 
182 202 537 593 645 650 651 
203 362 538 594 646 649 652 
183 204 539 595 647 650 652 
81 205 540 596 648 651 652 
206 363 541 597 643 653 654 
207 364 542 598 644 653 655 
184 208 543 599 645 654 655 
209 365 544 600 646 653 656 
185 210 545 601 647 654 656 
82 211 546 602 648 655 656 
212 366 547 603 649 653 657 
186 213 548 604 650 654 657 
83 214 549 605 651 655 657 
30 215 550 606 652 656 657 
216 367 551 607 643 658 659 
217 368 552 608 644 658 660 
187 218 553 609 645 659 660 
219 369 554 610 646 658 661 
188 220 555 611 647 659 661 
84 221 556 612 648 660 661 
222 370 557 613 649 658 662 
189 223 558 614 650 659 662 
85 224 559 615 651 660 662 
31 225 560 616 652 661 662 
226 371 561 617 653 658 663 
190 227 562 618 654 659 663 
86 228 563 619 655 660 663 
32 229 564 620 656 661 663 
8 230 565 621 657 662 663 
231 372 566 622 643 664 665 
232 373 567 623 644 664 666 
191 233 568 624 645 665 666 
234 374 569 625 646 664 667 
192 235 570 626 647 665 667 
87 236 571 627 648 666 667 
237 375 572 628 649 664 668 
193 238 573 629 650 665 668 
88 239 574 630 651 666 668 
33 240 575 631 652 667 668 
241 376 576 632 653 664 669 
194 242 577 633 654 665 669 
89 243 578 634 655 666 669 
34 244 579 635 656 667 669 
9 245 580 636 657 668 669 
246 377 462 581 637 658 664 
195 247 462 582 638 659 665 
90 248 462 583 639 660 666 
35 249 462 584 640 661 667 
10 250 462 585 641 662 668 
1 251 462 586 642 663 669 
252 378 455 461 664 670 671 
253 379 455 462 672 673 674 
254 380 463 664 672 675 676 
255 381 464 670 673 675 677 
196 256 465 671 674 676 677 
257 382 455 466 678 679 680 
258 383 467 664 678 681 682 
259 384 468 670 679 681 683 
197 260 469 671 680 682 683 
261 385 470 672 678 684 685 
262 386 471 673 679 684 686 
198 263 472 674 680 685 686 
264 387 473 675 681 684 687 
199 265 474 676 682 685 687 
91 266 475 677 683 686 687 
267 388 455 476 688 689 690 
268 389 477 664 688 691 692 
269 390 478 670 689 691 693 
200 270 479 671 690 692 693 
271 391 480 672 688 694 695 
272 392 481 673 689 694 696 
201 273 482 674 690 695 696 
274 393 483 675 691 694 697 
202 275 484 676 692 695 697 
92 276 485 677 693 696 697 
277 394 486 678 688 698 699 
278 395 487 679 689 698 700 
203 279 488 680 690 699 700 
280 396 489 681 691 698 701 
204 281 490 682 692 699 701 
93 282 491 683 693 700 701 
283 397 492 684 694 698 702 
205 284 493 685 695 699 702 
94 285 494 686 696 700 702 
36 286 495 687 697 701 702 
287 398 455 496 703 704 705 
288 399 497 664 703 706 707 
289 400 498 670 704 706 708 
206 290 499 671 705 707 708 
291 401 500 672 703 709 710 
292 402 501 673 704 709 711 
207 293 502 674 705 710 711 
294 403 503 675 706 709 712 
208 295 504 676 707 710 712 
95 296 505 677 708 711 712 
297 404 506 678 703 713 714 
298 405 507 679 704 713 715 
209 299 508 680 705 714 715 
300 406 509 681 706 713 716 
210 301 510 682 707 714 716 
96 302 511 683 708 715 716 
303 407 512 684 709 713 717 
211 304 513 685 710 714 717 
97 305 514 686 711 715 717 
37 306 515 687 712 716 717 
307 408 516 688 703 718 719 
308 409 517 689 704 718 720 
212 309 518 690 705 719 720 
310 410 519 691 706 718 721 
213 311 520 692 707 719 721 
98 312 521 693 708 720 721 
313 411 522 694 709 718 722 
214 314 523 695 710 719 722 
99 315 524 696 711 720 722 
38 316 525 697 712 721 722 
317 412 526 698 713 718 723 
215 318 527 699 714 719 723 
100 319 528 700 715 720 723 
39 320 529 701 716 721 723 
11 321 530 702 717 722 723 
322 413 455 531 724 725 726 
323 414 532 664 724 727 728 
324 415 533 670 725 727 729 
216 325 534 671 726 728 729 
326 416 535 672 724 730 731 
327 417 536 673 725 730 732 
217 328 537 674 726 731 732 
329 418 538 675 727 730 733 
218 330 539 676 728 731 733 
101 331 540 677 729 732 733 
332 419 541 678 724 734 735 
333 420 542 679 725 734 736 
219 334 543 680 726 735 736 
335 421 544 681 727 734 737 
220 336 545 682 728 735 737 
102 337 546 683 729 736 737 
338 422 547 684 730 734 738 
221 339 548 685 731 735 738 
103 340 549 686 732 736 738 
40 341 550 687 733 737 738 
342 423 551 688 724 739 740 
343 424 552 689 725 739 741 
222 344 553 690 726 740 741 
345 425 554 691 727 739 742 
223 346 555 692 728 740 742 
104 347 556 693 729 741 742 
348 426 557 694 730 739 743 
224 349 558 695 731 740 743 
105 350 559 696 732 741 743 
41 351 560 697 733 742 743 
352 427 561 698 734 739 744 
225 353 562 699 735 740 744 
106 354 563 700 736 741 744 
42 355 564 701 737 742 744 
12 356 565 702 738 743 744 
357 428 566 670 703 724 745 
358 429 567 670 704 725 746 
226 359 568 705 726 745 746 
360 430 569 670 706 727 747 
227 361 570 707 728 745 747 
107 362 571 708 729 746 747 
363 431 572 670 709 730 748 
228 364 573 710 731 745 748 
108 365 574 711 732 746 748 
43 366 575 712 733 747 748 
367 432 576 670 713 734 749 
229 368 577 714 735 745 749 
109 369 578 715 736 746 749 
44 370 579 716 737 747 749 
13 371 580 717 738 748 749 
372 433 463 581 670 718 739 
230 373 463 582 719 740 745 
110 374 463 583 720 741 746 
45 375 463 584 721 742 747 
14 376 463 585 722 743 748 
2 377 463 586 723 744 749 
379 434 435 588 664 750 751 
380 436 589 643 670 750 752 
231 381 590 671 724 751 752 
382 434 437 591 672 753 754 
383 438 592 643 673 753 755 
232 384 593 674 724 754 755 
385 439 594 675 750 753 756 
233 386 595 676 751 754 756 
111 387 596 677 752 755 756 
388 434 440 597 678 757 758 
389 441 598 643 679 757 759 
234 390 599 680 724 758 759 
391 442 600 681 750 757 760 
235 392 601 682 751 758 760 
112 393 602 683 752 759 760 
394 443 603 684 753 757 761 
236 395 604 685 754 758 761 
113 396 605 686 755 759 761 
46 397 606 687 756 760 761 
398 434 444 607 688 762 763 
399 445 608 643 689 762 764 
237 400 609 690 724 763 764 
401 446 610 691 750 762 765 
238 402 611 692 751 763 765 
114 403 612 693 752 764 765 
404 447 613 694 753 762 766 
239 405 614 695 754 763 766 
115 406 615 696 755 764 766 
47 407 616 697 756 765 766 
408 448 617 698 757 762 767 
240 409 618 699 758 763 767 
116 410 619 700 759 764 767 
48 411 620 701 760 765 767 
15 412 621 702 761 766 767 
413 434 449 622 671 703 768 
414 450 623 643 671 704 769 
241 415 624 705 724 768 769 
416 451 625 671 706 750 770 
242 417 626 707 751 768 770 
117 418 627 708 752 769 770 
419 452 628 671 709 753 771 
243 420 629 710 754 768 771 
118 421 630 711 755 769 771 
49 422 631 712 756 770 771 
423 453 632 671 713 757 772 
244 424 633 714 758 768 772 
119 425 634 715 759 769 772 
50 426 635 716 760 770 772 
16 427 636 717 761 771 772 
428 454 464 637 671 718 762 
245 429 464 638 719 763 768 
120 430 464 639 720 764 769 
51 431 464 640 721 765 770 
17 432 464 641 722 766 771 
3 433 464 642 723 767 772 
378 435 456 643 644 725 773 
246 436 587 645 724 726 773 
378 437 457 646 727 750 774 
247 438 587 647 728 751 774 
121 439 648 729 752 773 774 
378 440 458 649 730 753 775 
248 441 587 650 731 754 775 
122 442 651 732 755 773 775 
52 443 652 733 756 774 775 
378 444 459 653 734 757 776 
249 445 587 654 735 758 776 
123 446 655 736 759 773 776 
53 447 656 737 760 774 776 
18 448 657 738 761 775 776 
378 449 460 465 658 739 762 
250 450 465 587 659 740 763 
124 451 465 660 741 764 773 
54 452 465 661 742 765 774 
19 453 465 662 743 766 775 
4 454 465 663 744 767 776 
251 252 456 587 665 745 768 
125 252 457 666 746 769 773 
55 252 458 667 747 770 774 
20 252 459 668 748 771 775 
5 252 460 669 749 772 776 
6 251 466 777 778 779 780 
7 377 467 777 781 782 783 
8 433 468 778 781 784 785 
9 454 469 779 782 784 786 
10 253 460 780 783 785 786 
11 470 586 777 787 788 789 
12 471 642 778 787 790 791 
13 472 663 779 788 790 792 
14 254 669 780 789 791 792 
15 473 723 781 787 793 794 
16 474 744 782 788 793 795 
17 255 749 783 789 794 795 
18 475 767 784 790 793 796 
19 256 772 785 791 794 796 
20 126 776 786 792 795 796 
21 251 476 797 798 799 800 
22 377 477 797 801 802 803 
23 433 478 798 801 804 805 
24 454 479 799 802 804 806 
25 257 460 800 803 805 806 
26 480 586 797 807 808 809 
27 481 642 798 807 810 811 
28 482 663 799 808 810 812 
29 258 669 800 809 811 812 
30 483 723 801 807 813 814 
31 484 744 802 808 813 815 
32 259 749 803 809 814 815 
33 485 767 804 810 813 816 
34 260 772 805 811 814 816 
35 127 776 806 812 815 816 
36 486 777 797 817 818 819 
37 487 778 798 817 820 821 
38 488 779 799 818 820 822 
39 261 780 800 819 821 822 
40 489 781 801 817 823 824 
41 490 782 802 818 823 825 
42 262 783 803 819 824 825 
43 491 784 804 820 823 826 
44 263 785 805 821 824 826 
45 128 786 806 822 825 826 
46 492 787 807 817 827 828 
47 493 788 808 818 827 829 
48 264 789 809 819 828 829 
49 494 790 810 820 827 830 
50 265 791 811 821 828 830 
51 129 792 812 822 829 830 
52 495 793 813 823 827 831 
53 266 794 814 824 828 831 
54 130 795 815 825 829 831 
55 56 796 816 826 830 831 
56 251 496 832 833 834 835 
57 377 497 832 836 837 838 
58 433 498 833 836 839 840 
59 454 499 834 837 839 841 
60 267 460 835 838 840 841 
61 500 586 832 842 843 844 
62 501 642 833 842 845 846 
63 502 663 834 843 845 847 
64 268 669 835 844 846 847 
65 503 723 836 842 848 849 
66 504 744 837 843 848 850 
67 269 749 838 844 849 850 
68 505 767 839 845 848 851 
69 270 772 840 846 849 851 
70 131 776 841 847 850 851 
71 506 777 832 852 853 854 
72 507 778 833 852 855 856 
73 508 779 834 853 855 857 
74 271 780 835 854 856 857 
75 509 781 836 852 858 859 
76 510 782 837 853 858 860 
77 272 783 838 854 859 860 
78 511 784 839 855 858 861 
79 273 785 840 856 859 861 
80 132 786 841 857 860 861 
81 512 787 842 852 862 863 
82 513 788 843 853 862 864 
83 274 789 844 854 863 864 
84 514 790 845 855 862 865 
85 275 791 846 856 863 865 
86 133 792 847 857 864 865 
87 515 793 848 858 862 866 
88 276 794 849 859 863 866 
89 134 795 850 860 864 866 
57 90 796 851 861 865 866 
91 516 797 832 867 868 869 
92 517 798 833 867 870 871 
93 518 799 834 868 870 872 
94 277 800 835 869 871 872 
95 519 801 836 867 873 874 
96 520 802 837 868 873 875 
97 278 803 838 869 874 875 
98 521 804 839 870 873 876 
99 279 805 840 871 874 876 
100 135 806 841 872 875 876 
101 522 807 842 867 877 878 
102 523 808 843 868 877 879 
103 280 809 844 869 878 879 
104 524 810 845 870 877 880 
105 281 811 846 871 878 880 
106 136 812 847 872 879 880 
107 525 813 848 873 877 881 
108 282 814 849 874 878 881 
109 137 815 850 875 879 881 
58 110 816 851 876 880 881 
111 526 817 852 867 882 883 
112 527 818 853 868 882 884 
113 283 819 854 869 883 884 
114 528 820 855 870 882 885 
115 284 821 856 871 883 885 
116 138 822 857 872 884 885 
117 529 823 858 873 882 886 
118 285 824 859 874 883 886 
119 139 825 860 875 884 886 
59 120 826 861 876 885 886 
121 530 777 827 862 877 882 
122 286 777 828 863 878 883 
123 140 777 829 864 879 884 
60 124 777 830 865 880 885 
21 125 777 831 866 881 886 
126 251 531 773 887 888 889 
127 377 532 773 890 891 892 
128 433 533 887 890 893 894 
129 454 534 888 891 893 895 
130 287 460 889 892 894 895 
131 535 586 773 896 897 898 
132 536 642 887 896 899 900 
133 537 663 888 897 899 901 
134 288 669 889 898 900 901 
135 538 723 890 896 902 903 
136 539 744 891 897 902 904 
137 289 749 892 898 903 904 
138 540 767 893 899 902 905 
139 290 772 894 900 903 905 
140 141 776 895 901 904 905 
141 541 773 777 906 907 908 
142 542 778 887 906 909 910 
143 543 779 888 907 909 911 
144 291 780 889 908 910 911 
145 544 781 890 906 912 913 
146 545 782 891 907 912 914 
147 292 783 892 908 913 914 
148 546 784 893 909 912 915 
149 293 785 894 910 913 915 
142 150 786 895 911 914 915 
151 547 787 896 906 916 917 
152 548 788 897 907 916 918 
153 294 789 898 908 917 918 
154 549 790 899 909 916 919 
155 295 791 900 910 917 919 
143 156 792 901 911 918 919 
157 550 793 902 912 916 920 
158 296 794 903 913 917 920 
144 159 795 904 914 918 920 
61 160 796 905 915 919 920 
161 551 773 797 921 922 923 
162 552 798 887 921 924 925 
163 553 799 888 922 924 926 
164 297 800 889 923 925 926 
165 554 801 890 921 927 928 
166 555 802 891 922 927 929 
167 298 803 892 923 928 929 
168 556 804 893 924 927 930 
169 299 805 894 925 928 930 
145 170 806 895 926 929 930 
171 557 807 896 921 931 932 
172 558 808 897 922 931 933 
173 300 809 898 923 932 933 
174 559 810 899 924 931 934 
175 301 811 900 925 932 934 
146 176 812 901 926 933 934 
177 560 813 902 927 931 935 
178 302 814 903 928 932 935 
147 179 815 904 929 933 935 
62 180 816 905 930 934 935 
181 561 817 906 921 936 937 
182 562 818 907 922 936 938 
183 303 819 908 923 937 938 
184 563 820 909 924 936 939 
185 304 821 910 925 937 939 
148 186 822 911 926 938 939 
187 564 823 912 927 936 940 
188 305 824 913 928 937 940 
149 189 825 914 929 938 940 
63 190 826 915 930 939 940 
191 565 778 827 916 931 936 
192 306 778 828 917 932 937 
150 193 778 829 918 933 938 
64 194 778 830 919 934 939 
22 195 778 831 920 935 940 
196 566 750 773 832 941 942 
197 567 750 833 887 943 944 
198 568 834 888 941 943 945 
199 307 835 889 942 944 945 
200 569 750 836 890 946 947 
201 570 837 891 941 946 948 
202 308 838 892 942 947 948 
203 571 839 893 943 946 949 
204 309 840 894 944 947 949 
151 205 841 895 945 948 949 
206 572 750 842 896 950 951 
207 573 843 897 941 950 952 
208 310 844 898 942 951 952 
209 574 845 899 943 950 953 
210 311 846 900 944 951 953 
152 211 847 901 945 952 953 
212 575 848 902 946 950 954 
213 312 849 903 947 951 954 
153 214 850 904 948 952 954 
65 215 851 905 949 953 954 
216 576 750 852 906 955 956 
217 577 853 907 941 955 957 
218 313 854 908 942 956 957 
219 578 855 909 943 955 958 
220 314 856 910 944 956 958 
154 221 857 911 945 957 958 
222 579 858 912 946 955 959 
223 315 859 913 947 956 959 
155 224 860 914 948 957 959 
66 225 861 915 949 958 959 
226 580 779 862 916 950 955 
227 316 779 863 917 951 956 
156 228 779 864 918 952 957 
67 229 779 865 919 953 958 
23 230 779 866 920 954 959 
231 581 672 750 867 921 960 
232 582 672 868 922 941 961 
233 317 869 923 942 960 961 
234 583 672 870 924 943 962 
235 318 871 925 944 960 962 
157 236 872 926 945 961 962 
237 584 672 873 927 946 963 
238 319 874 928 947 960 963 
158 239 875 929 948 961 963 
68 240 876 930 949 962 963 
241 585 672 780 877 931 950 
242 320 780 878 932 951 960 
159 243 780 879 933 952 961 
69 244 780 880 934 953 962 
24 245 780 881 935 954 963 
246 466 586 672 882 936 955 
247 321 466 883 937 956 960 
160 248 466 884 938 957 961 
70 249 466 885 939 958 962 
25 250 466 886 940 959 963 
253 377 456 588 960 964 965 
254 433 589 665 960 966 967 
255 454 590 745 964 966 968 
256 322 460 768 965 967 968 
257 456 586 591 969 970 971 
258 592 642 665 969 972 973 
259 593 663 745 970 972 974 
260 323 669 768 971 973 974 
261 594 723 960 969 975 976 
262 595 744 964 970 975 977 
263 324 749 965 971 976 977 
264 596 767 966 972 975 978 
265 325 772 967 973 976 978 
161 266 776 968 974 977 978 
267 456 597 777 979 980 981 
268 598 665 778 979 982 983 
269 599 745 779 980 982 984 
270 326 768 780 981 983 984 
271 600 781 960 979 985 986 
272 601 782 964 980 985 987 
273 327 783 965 981 986 987 
274 602 784 966 982 985 988 
275 328 785 967 983 986 988 
162 276 786 968 984 987 988 
277 603 787 969 979 989 990 
278 604 788 970 980 989 991 
279 329 789 971 981 990 991 
280 605 790 972 982 989 992 
281 330 791 973 983 990 992 
163 282 792 974 984 991 992 
283 606 793 975 985 989 993 
284 331 794 976 986 990 993 
164 285 795 977 987 991 993 
71 286 796 978 988 992 993 
287 456 607 797 994 995 996 
288 608 665 798 994 997 998 
289 609 745 799 995 997 999 
290 332 768 800 996 998 999 
291 610 801 960 994 1000 1001 
292 611 802 964 995 1000 1002 
293 333 803 965 996 1001 1002 
294 612 804 966 997 1000 1003 
295 334 805 967 998 1001 1003 
165 296 806 968 999 1002 1003 
297 613 807 969 994 1004 1005 
298 614 808 970 995 1004 1006 
299 335 809 971 996 1005 1006 
300 615 810 972 997 1004 1007 
301 336 811 973 998 1005 1007 
166 302 812 974 999 1006 1007 
303 616 813 975 1000 1004 1008 
304 337 814 976 1001 1005 1008 
167 305 815 977 1002 1006 1008 
72 306 816 978 1003 1007 1008 
307 617 817 979 994 1009 1010 
308 618 818 980 995 1009 1011 
309 338 819 981 996 1010 1011 
310 619 820 982 997 1009 1012 
311 339 821 983 998 1010 1012 
168 312 822 984 999 1011 1012 
313 620 823 985 1000 1009 1013 
314 340 824 986 1001 1010 1013 
169 315 825 987 1002 1011 1013 
73 316 826 988 1003 1012 1013 
317 621 781 827 989 1004 1009 
318 341 781 828 990 1005 1010 
170 319 781 829 991 1006 1011 
74 320 781 830 992 1007 1012 
26 321 781 831 993 1008 1013 
322 456 622 751 832 1014 1015 
323 623 665 751 833 1016 1017 
324 624 745 834 1014 1016 1018 
325 342 768 835 1015 1017 1018 
326 625 751 836 960 1019 1020 
327 626 837 964 1014 1019 1021 
328 343 838 965 1015 1020 1021 
329 627 839 966 1016 1019 1022 
330 344 840 967 1017 1020 1022 
171 331 841 968 1018 1021 1022 
332 628 751 842 969 1023 1024 
333 629 843 970 1014 1023 1025 
334 345 844 971 1015 1024 1025 
335 630 845 972 1016 1023 1026 
336 346 846 973 1017 1024 1026 
172 337 847 974 1018 1025 1026 
338 631 848 975 1019 1023 1027 
339 347 849 976 1020 1024 1027 
173 340 850 977 1021 1025 1027 
75 341 851 978 1022 1026 1027 
342 632 751 852 979 1028 1029 
343 633 853 980 1014 1028 1030 
344 348 854 981 1015 1029 1030 
345 634 855 982 1016 1028 1031 
346 349 856 983 1017 1029 1031 
174 347 857 984 1018 1030 1031 
348 635 858 985 1019 1028 1032 
349 350 859 986 1020 1029 1032 
175 350 860 987 1021 1030 1032 
76 351 861 988 1022 1031 1032 
352 636 782 862 989 1023 1028 
351 353 782 863 990 1024 1029 
176 354 782 864 991 1025 1030 
77 355 782 865 992 1026 1031 
27 356 782 866 993 1027 1032 
357 637 673 751 867 964 994 
358 638 673 868 995 1014 1033 
352 359 869 964 996 1015 1033 
360 639 673 870 997 1016 1034 
353 361 871 964 998 1017 1034 
177 362 872 999 1018 1033 1034 
363 640 673 873 1000 1019 1035 
354 364 874 964 1001 1020 1035 
178 365 875 1002 1021 1033 1035 
78 366 876 1003 1022 1034 1035 
367 641 673 783 877 1004 1023 
355 368 783 878 964 1005 1024 
179 369 783 879 1006 1025 1033 
79 370 783 880 1007 1026 1034 
28 371 783 881 1008 1027 1035 
372 467 642 673 882 1009 1028 
356 373 467 883 964 1010 1029 
180 374 467 884 1011 1030 1033 
80 375 467 885 1012 1031 1034 
29 376 467 886 1013 1032 1035 
379 435 644 665 887 941 1014 
380 644 645 745 888 941 1036 
357 381 725 768 889 1014 1036 
382 435 646 890 960 1037 1038 
383 644 647 891 964 1037 1039 
358 384 725 892 965 1038 1039 
385 648 893 941 966 1037 1040 
359 386 894 967 1014 1038 1040 
181 387 895 968 1036 1039 1040 
388 435 649 896 969 1041 1042 
389 644 650 897 970 1041 1043 
360 390 725 898 971 1042 1043 
391 651 899 941 972 1041 1044 
361 392 900 973 1014 1042 1044 
182 393 901 974 1036 1043 1044 
394 652 902 975 1037 1041 1045 
362 395 903 976 1038 1042 1045 
183 396 904 977 1039 1043 1045 
81 397 905 978 1040 1044 1045 
398 435 653 906 979 1046 1047 
399 644 654 907 980 1046 1048 
363 400 725 908 981 1047 1048 
401 655 909 941 982 1046 1049 
364 402 910 983 1014 1047 1049 
184 403 911 984 1036 1048 1049 
404 656 912 985 1037 1046 1050 
365 405 913 986 1038 1047 1050 
185 406 914 987 1039 1048 1050 
82 407 915 988 1040 1049 1050 
408 657 784 916 989 1041 1046 
366 409 784 917 990 1042 1047 
186 410 784 918 991 1043 1048 
83 411 784 919 992 1044 1049 
30 412 784 920 993 1045 1050 
413 435 658 674 921 965 994 
414 644 659 674 922 995 1051 
367 415 725 923 965 996 1051 
416 660 674 924 941 997 1052 
368 417 925 965 998 1014 1052 
187 418 926 999 1036 1051 1052 
419 661 674 927 1000 1037 1053 
369 420 928 965 1001 1038 1053 
188 421 929 1002 1039 1051 1053 
84 422 930 1003 1040 1052 1053 
423 662 674 785 931 1004 1041 
370 424 785 932 965 1005 1042 
189 425 785 933 1006 1043 1051 
85 426 785 934 1007 1044 1052 
31 427 785 935 1008 1045 1053 
428 468 663 674 936 1009 1046 
371 429 468 937 965 1010 1047 
190 430 468 938 1011 1048 1051 
86 431 468 939 1012 1049 1052 
32 432 468 940 1013 1050 1053 
372 436 588 725 887 942 1015 
379 437 666 941 943 1016 1054 
373 438 588 944 1014 1017 1054 
191 439 887 945 1018 1036 1054 
379 440 667 946 1019 1037 1055 
374 441 588 947 1020 1038 1055 
192 442 887 948 1021 1039 1055 
87 443 949 1022 1040 1054 1055 
379 444 668 786 950 1023 1041 
375 445 588 786 951 1024 1042 
193 446 786 887 952 1025 1043 
88 447 786 953 1026 1044 1054 
33 448 786 954 1027 1045 1055 
379 449 469 669 955 1028 1046 
376 450 469 588 956 1029 1047 
194 451 469 887 957 1030 1048 
89 452 469 958 1031 1049 1054 
34 453 469 959 1032 1050 1055 
195 253 457 887 961 1033 1051 
90 253 458 962 1034 1052 1054 
35 253 459 963 1035 1053 1055 
470 581 675 723 882 1056 1057 
471 637 676 744 936 1056 1058 
380 472 658 749 955 1057 1058 
473 677 718 767 1009 1056 1059 
381 474 739 772 1028 1057 1059 
196 475 762 776 1046 1058 1059 
246 476 678 777 1060 1061 1062 
372 477 679 778 1060 1063 1064 
428 478 680 779 1061 1063 1065 
382 449 479 780 1062 1064 1065 
480 581 681 781 1060 1066 1067 
481 637 682 782 1061 1066 1068 
383 482 658 783 1062 1067 1068 
483 683 718 784 1063 1066 1069 
384 484 739 785 1064 1067 1069 
197 485 762 786 1065 1068 1069 
486 684 787 882 1060 1070 1071 
487 685 788 936 1061 1070 1072 
385 488 789 955 1062 1071 1072 
489 686 790 1009 1063 1070 1073 
386 490 791 1028 1064 1071 1073 
198 491 792 1046 1065 1072 1073 
492 687 793 1056 1066 1070 1074 
387 493 794 1057 1067 1071 1074 
199 494 795 1058 1068 1072 1074 
91 495 796 1059 1069 1073 1074 
246 496 688 797 1075 1076 1077 
372 497 689 798 1075 1078 1079 
428 498 690 799 1076 1078 1080 
388 449 499 800 1077 1079 1080 
500 581 691 801 1075 1081 1082 
501 637 692 802 1076 1081 1083 
389 502 658 803 1077 1082 1083 
503 693 718 804 1078 1081 1084 
390 504 739 805 1079 1082 1084 
200 505 762 806 1080 1083 1084 
506 694 807 882 1075 1085 1086 
507 695 808 936 1076 1085 1087 
391 508 809 955 1077 1086 1087 
509 696 810 1009 1078 1085 1088 
392 510 811 1028 1079 1086 1088 
201 511 812 1046 1080 1087 1088 
512 697 813 1056 1081 1085 1089 
393 513 814 1057 1082 1086 1089 
202 514 815 1058 1083 1087 1089 
92 515 816 1059 1084 1088 1089 
516 698 817 1056 1060 1075 1090 
517 699 818 1056 1061 1076 1091 
394 518 819 1062 1077 1090 1091 
519 700 820 1056 1063 1078 1092 
395 520 821 1064 1079 1090 1092 
203 521 822 1065 1080 1091 1092 
522 701 823 1056 1066 1081 1093 
396 523 824 1067 1082 1090 1093 
204 524 825 1068 1083 1091 1093 
93 525 826 1069 1084 1092 1093 
526 702 787 827 1056 1070 1085 
397 527 787 828 1071 1086 1090 
205 528 787 829 1072 1087 1091 
94 529 787 830 1073 1088 1092 
36 530 787 831 1074 1089 1093 
246 531 703 752 832 1036 1094 
372 532 704 752 833 1095 1096 
428 533 705 834 1036 1095 1097 
398 449 534 835 1094 1096 1097 
535 581 706 752 836 1098 1099 
536 637 707 837 1036 1098 1100 
399 537 658 838 1094 1099 1100 
538 708 718 839 1095 1098 1101 
400 539 739 840 1096 1099 1101 
206 540 762 841 1097 1100 1101 
541 709 752 842 882 1102 1103 
542 710 843 936 1036 1102 1104 
401 543 844 955 1094 1103 1104 
544 711 845 1009 1095 1102 1105 
402 545 846 1028 1096 1103 1105 
207 546 847 1046 1097 1104 1105 
547 712 848 1056 1098 1102 1106 
403 548 849 1057 1099 1103 1106 
208 549 850 1058 1100 1104 1106 
95 550 851 1059 1101 1105 1106 
551 713 752 852 1057 1060 1107 
552 714 853 1036 1057 1061 1108 
404 553 854 1062 1094 1107 1108 
554 715 855 1057 1063 1095 1109 
405 555 856 1064 1096 1107 1109 
209 556 857 1065 1097 1108 1109 
557 716 858 1057 1066 1098 1110 
406 558 859 1067 1099 1107 1110 
210 559 860 1068 1100 1108 1110 
96 560 861 1069 1101 1109 1110 
561 717 788 862 1057 1070 1102 
407 562 788 863 1071 1103 1107 
211 563 788 864 1072 1104 1108 
97 564 788 865 1073 1105 1109 
37 565 788 866 1074 1106 1110 
566 675 718 752 867 966 1075 
567 675 719 868 1036 1076 1111 
408 568 869 966 1077 1094 1111 
569 675 720 870 1078 1095 1112 
409 570 871 966 1079 1096 1112 
212 571 872 1080 1097 1111 1112 
572 675 721 873 1081 1098 1113 
410 573 874 966 1082 1099 1113 
213 574 875 1083 1100 1111 1113 
98 575 876 1084 1101 1112 1113 
576 675 722 789 877 1085 1102 
411 577 789 878 966 1086 1103 
214 578 789 879 1087 1104 1111 
99 579 789 880 1088 1105 1112 
38 580 789 881 1089 1106 1113 
412 470 582 883 966 1090 1107 
215 470 583 884 1091 1108 1111 
100 470 584 885 1092 1109 1112 
39 470 585 886 1093 1110 1113 
428 589 645 726 888 942 1094 
413 449 590 726 889 1015 1094 
436 581 591 727 890 1114 1115 
592 637 645 728 891 1114 1116 
414 593 658 726 892 1115 1116 
594 718 729 893 942 1114 1117 
415 595 739 894 1015 1115 1117 
216 596 762 895 1094 1116 1117 
436 597 730 882 896 1118 1119 
598 645 731 897 936 1118 1120 
416 599 726 898 955 1119 1120 
600 732 899 942 1009 1118 1121 
417 601 900 1015 1028 1119 1121 
217 602 901 1046 1094 1120 1121 
603 733 902 1056 1114 1118 1122 
418 604 903 1057 1115 1119 1122 
218 605 904 1058 1116 1120 1122 
101 606 905 1059 1117 1121 1122 
436 607 734 906 1058 1060 1123 
608 645 735 907 1058 1061 1124 
419 609 726 908 1062 1123 1124 
610 736 909 942 1058 1063 1125 
420 611 910 1015 1064 1123 1125 
219 612 911 1065 1094 1124 1125 
613 737 912 1058 1066 1114 1126 
421 614 913 1067 1115 1123 1126 
220 615 914 1068 1116 1124 1126 
102 616 915 1069 1117 1125 1126 
617 738 790 916 1058 1070 1118 
422 618 790 917 1071 1119 1123 
221 619 790 918 1072 1120 1124 
103 620 790 919 1073 1121 1125 
40 621 790 920 1074 1122 1126 
436 622 676 739 921 967 1075 
623 645 676 740 922 1076 1127 
423 624 726 923 967 1077 1127 
625 676 741 924 942 1078 1128 
424 626 925 967 1015 1079 1128 
222 627 926 1080 1094 1127 1128 
628 676 742 927 1081 1114 1129 
425 629 928 967 1082 1115 1129 
223 630 929 1083 1116 1127 1129 
104 631 930 1084 1117 1128 1129 
632 676 743 791 931 1085 1118 
426 633 791 932 967 1086 1119 
224 634 791 933 1087 1120 1127 
105 635 791 934 1088 1121 1128 
41 636 791 935 1089 1122 1129 
427 471 638 937 967 1090 1123 
225 471 639 938 1091 1124 1127 
106 471 640 939 1092 1125 1128 
42 471 641 940 1093 1126 1129 
380 646 746 942 943 1095 1130 
429 589 647 944 1015 1096 1130 
226 648 888 945 1094 1097 1130 
380 649 747 946 1098 1114 1131 
430 589 650 947 1099 1115 1131 
227 651 888 948 1100 1116 1131 
107 652 949 1101 1117 1130 1131 
380 653 748 792 950 1102 1118 
431 589 654 792 951 1103 1119 
228 655 792 888 952 1104 1120 
108 656 792 953 1105 1121 1130 
43 657 792 954 1106 1122 1131 
432 472 589 659 956 1107 1123 
229 472 660 888 957 1108 1124 
109 472 661 958 1109 1125 1130 
44 472 662 959 1110 1126 1131 
230 254 666 888 961 1111 1127 
110 254 667 962 1112 1128 1130 
45 254 668 963 1113 1129 1131 
231 677 703 762 968 994 1075 
231 678 753 882 969 1132 1133 
357 679 754 936 970 1132 1134 
413 437 680 955 971 1133 1134 
566 681 755 972 1009 1132 1135 
438 622 682 973 1028 1133 1135 
232 683 703 974 1046 1134 1135 
684 756 867 975 1056 1132 1136 
439 685 921 976 1057 1133 1136 
233 686 977 994 1058 1134 1136 
111 687 978 1059 1075 1135 1136 
231 688 757 979 1059 1060 1137 
357 689 758 980 1059 1061 1138 
413 440 690 981 1062 1137 1138 
566 691 759 982 1059 1063 1139 
441 622 692 983 1064 1137 1139 
234 693 703 984 1065 1138 1139 
694 760 867 985 1059 1066 1140 
442 695 921 986 1067 1137 1140 
235 696 987 994 1068 1138 1140 
112 697 988 1069 1075 1139 1140 
698 761 793 989 1059 1070 1132 
443 699 793 990 1071 1133 1137 
236 700 793 991 1072 1134 1138 
113 701 793 992 1073 1135 1139 
46 702 793 993 1074 1136 1140 
357 677 704 763 995 1076 1141 
413 444 705 968 996 1077 1141 
566 677 706 764 997 1078 1142 
445 622 707 968 998 1079 1142 
237 703 708 999 1080 1141 1142 
677 709 765 867 1000 1081 1143 
446 710 921 968 1001 1082 1143 
238 711 994 1002 1083 1141 1143 
114 712 1003 1075 1084 1142 1143 
677 713 766 794 1004 1085 1132 
447 714 794 968 1005 1086 1133 
239 715 794 1006 1087 1134 1141 
115 716 794 1007 1088 1135 1142 
47 717 794 1008 1089 1136 1143 
448 473 719 968 1010 1090 1137 
240 473 720 1011 1091 1138 1141 
116 473 721 1012 1092 1139 1142 
48 473 722 1013 1093 1140 1143 
381 566 727 769 1016 1095 1144 
450 590 622 728 1017 1096 1144 
241 703 729 889 1018 1097 1144 
381 730 770 867 1019 1098 1145 
451 590 731 921 1020 1099 1145 
242 732 889 994 1021 1100 1145 
117 733 1022 1075 1101 1144 1145 
381 734 771 795 1023 1102 1132 
452 590 735 795 1024 1103 1133 
243 736 795 889 1025 1104 1134 
118 737 795 1026 1105 1135 1144 
49 738 795 1027 1106 1136 1145 
453 474 590 740 1029 1107 1137 
244 474 741 889 1030 1108 1138 
119 474 742 1031 1109 1139 1144 
50 474 743 1032 1110 1140 1145 
245 255 746 889 1033 1111 1141 
120 255 747 1034 1112 1142 1144 
51 255 748 1035 1113 1143 1145 
196 753 774 867 1037 1114 1146 
322 457 754 921 1038 1115 1146 
247 531 755 994 1039 1116 1146 
121 756 832 1040 1075 1117 1146 
196 757 775 796 1041 1118 1132 
322 458 758 796 1042 1119 1133 
248 531 759 796 1043 1120 1134 
122 760 796 832 1044 1121 1135 
52 761 796 1045 1122 1136 1146 
322 459 475 763 1047 1123 1137 
249 475 531 764 1048 1124 1138 
123 475 765 832 1049 1125 1139 
53 475 766 1050 1126 1140 1146 
250 256 531 769 1051 1127 1141 
124 256 770 832 1052 1128 1142 
54 256 771 1053 1129 1143 1146 
125 126 774 832 1054 1130 1144 
55 126 775 1055 1131 1145 1146 
56 125 797 1146 1147 1148 1149 
57 195 798 1146 1150 1151 1152 
58 230 799 1147 1150 1153 1154 
59 245 800 1148 1151 1153 1155 
60 250 476 1149 1152 1154 1155 
61 321 801 1146 1156 1157 1158 
62 356 802 1147 1156 1159 1160 
63 371 803 1148 1157 1159 1161 
64 376 477 1149 1158 1160 1161 
65 412 804 1150 1156 1162 1163 
66 427 805 1151 1157 1162 1164 
67 432 478 1152 1158 1163 1164 
68 448 806 1153 1159 1162 1165 
69 453 479 1154 1160 1163 1165 
70 257 459 1155 1161 1164 1165 
71 530 807 1146 1166 1167 1168 
72 565 808 1147 1166 1169 1170 
73 580 809 1148 1167 1169 1171 
74 480 585 1149 1168 1170 1171 
75 621 810 1150 1166 1172 1173 
76 636 811 1151 1167 1172 1174 
77 481 641 1152 1168 1173 1174 
78 657 812 1153 1169 1172 1175 
79 482 662 1154 1170 1173 1175 
80 258 668 1155 1171 1174 1175 
81 702 813 1156 1166 1176 1177 
82 717 814 1157 1167 1176 1178 
83 483 722 1158 1168 1177 1178 
84 738 815 1159 1169 1176 1179 
85 484 743 1160 1170 1177 1179 
86 259 748 1161 1171 1178 1179 
87 761 816 1147 1162 1172 1176 
88 485 766 1147 1163 1173 1177 
89 260 771 1147 1164 1174 1178 
90 127 775 1147 1165 1175 1179 
91 817 831 1132 1146 1180 1181 
92 818 866 1132 1147 1182 1183 
93 819 881 1148 1180 1182 1184 
94 486 886 1149 1181 1183 1184 
95 820 920 1132 1150 1185 1186 
96 821 935 1151 1180 1185 1187 
97 487 940 1152 1181 1186 1187 
98 822 954 1153 1182 1185 1188 
99 488 959 1154 1183 1186 1188 
100 261 963 1155 1184 1187 1188 
101 823 993 1132 1156 1189 1190 
102 824 1008 1157 1180 1189 1191 
103 489 1013 1158 1181 1190 1191 
104 825 1027 1159 1182 1189 1192 
105 490 1032 1160 1183 1190 1192 
106 262 1035 1161 1184 1191 1192 
107 826 1045 1148 1162 1185 1189 
108 491 1050 1148 1163 1186 1190 
109 263 1053 1148 1164 1187 1191 
110 128 1055 1148 1165 1188 1192 
111 827 1060 1074 1132 1166 1193 
112 828 1060 1089 1167 1180 1194 
113 492 1093 1168 1181 1193 1194 
114 829 1060 1106 1169 1182 1195 
115 493 1110 1170 1183 1193 1195 
116 264 1113 1171 1184 1194 1195 
117 830 1060 1122 1149 1172 1185 
118 494 1126 1149 1173 1186 1193 
119 265 1129 1149 1174 1187 1194 
120 129 1131 1149 1175 1188 1195 
121 797 831 1060 1136 1176 1189 
122 495 797 1140 1177 1190 1193 
123 266 797 1143 1178 1191 1194 
124 130 797 1145 1179 1192 1195 
127 195 774 833 1196 1197 1198 
128 230 834 1054 1196 1199 1200 
129 245 835 1130 1197 1199 1201 
130 250 496 1144 1198 1200 1201 
131 321 774 836 1202 1203 1204 
132 356 837 1054 1202 1205 1206 
133 371 838 1130 1203 1205 1207 
134 376 497 1144 1204 1206 1207 
135 412 839 1196 1202 1208 1209 
136 427 840 1197 1203 1208 1210 
137 432 498 1198 1204 1209 1210 
138 448 841 1199 1205 1208 1211 
139 453 499 1200 1206 1209 1211 
140 267 459 1201 1207 1210 1211 
141 530 774 842 1212 1213 1214 
142 565 843 1054 1212 1215 1216 
143 580 844 1130 1213 1215 1217 
144 500 585 1144 1214 1216 1217 
145 621 845 1196 1212 1218 1219 
146 636 846 1197 1213 1218 1220 
147 501 641 1198 1214 1219 1220 
148 657 847 1199 1215 1218 1221 
149 502 662 1200 1216 1219 1221 
150 268 668 1201 1217 1220 1221 
151 702 848 1202 1212 1222 1223 
152 717 849 1203 1213 1222 1224 
153 503 722 1204 1214 1223 1224 
154 738 850 1205 1215 1222 1225 
155 504 743 1206 1216 1223 1225 
156 269 748 1207 1217 1224 1225 
157 761 851 1150 1208 1218 1222 
158 505 766 1150 1209 1219 1223 
159 270 771 1150 1210 1220 1224 
131 160 775 1150 1211 1221 1225 
161 774 831 852 1133 1226 1227 
162 853 866 1054 1133 1228 1229 
163 854 881 1130 1226 1228 1230 
164 506 886 1144 1227 1229 1230 
165 855 920 1133 1196 1231 1232 
166 856 935 1197 1226 1231 1233 
167 507 940 1198 1227 1232 1233 
168 857 954 1199 1228 1231 1234 
169 508 959 1200 1229 1232 1234 
170 271 963 1201 1230 1233 1234 
171 858 993 1133 1202 1235 1236 
172 859 1008 1203 1226 1235 1237 
173 509 1013 1204 1227 1236 1237 
174 860 1027 1205 1228 1235 1238 
175 510 1032 1206 1229 1236 1238 
176 272 1035 1207 1230 1237 1238 
177 861 1045 1151 1208 1231 1235 
178 511 1050 1151 1209 1232 1236 
179 273 1053 1151 1210 1233 1237 
132 180 1055 1151 1211 1234 1238 
181 862 1061 1074 1133 1212 1239 
182 863 1061 1089 1213 1226 1240 
183 512 1093 1214 1227 1239 1240 
184 864 1061 1106 1215 1228 1241 
185 513 1110 1216 1229 1239 1241 
186 274 1113 1217 1230 1240 1241 
187 865 1061 1122 1152 1218 1231 
188 514 1126 1152 1219 1232 1239 
189 275 1129 1152 1220 1233 1240 
133 190 1131 1152 1221 1234 1241 
191 798 866 1061 1136 1222 1235 
192 515 798 1140 1223 1236 1239 
193 276 798 1143 1224 1237 1240 
134 194 798 1145 1225 1238 1241 
197 753 868 1054 1147 1242 1243 
198 869 1037 1130 1148 1242 1244 
199 516 1114 1144 1149 1243 1244 
200 753 870 1150 1196 1245 1246 
201 871 1037 1151 1197 1245 1247 
202 517 1114 1152 1198 1246 1247 
203 872 1153 1199 1242 1245 1248 
204 518 1154 1200 1243 1246 1248 
205 277 1155 1201 1244 1247 1248 
206 753 873 1156 1202 1249 1250 
207 874 1037 1157 1203 1249 1251 
208 519 1114 1158 1204 1250 1251 
209 875 1159 1205 1242 1249 1252 
210 520 1160 1206 1243 1250 1252 
211 278 1161 1207 1244 1251 1252 
212 876 1153 1162 1208 1245 1249 
213 521 1153 1163 1209 1246 1250 
214 279 1153 1164 1210 1247 1251 
135 215 1153 1165 1211 1248 1252 
216 753 877 1062 1166 1212 1253 
217 878 1037 1062 1167 1213 1254 
218 522 1114 1168 1214 1253 1254 
219 879 1062 1169 1215 1242 1255 
220 523 1170 1216 1243 1253 1255 
221 280 1171 1217 1244 1254 1255 
222 880 1062 1154 1172 1218 1245 
223 524 1154 1173 1219 1246 1253 
224 281 1154 1174 1220 1247 1254 
136 225 1154 1175 1221 1248 1255 
226 799 881 1062 1176 1222 1249 
227 525 799 1177 1223 1250 1253 
228 282 799 1178 1224 1251 1254 
137 229 799 1179 1225 1252 1255 
232 678 883 1037 1180 1226 1256 
233 526 969 1114 1181 1227 1256 
234 678 884 1182 1228 1242 1257 
235 527 969 1183 1229 1243 1257 
236 283 1184 1230 1244 1256 1257 
237 678 885 1155 1185 1231 1245 
238 528 969 1155 1186 1232 1246 
239 284 1155 1187 1233 1247 1256 
138 240 1155 1188 1234 1248 1257 
241 678 800 886 1189 1235 1249 
242 529 800 969 1190 1236 1250 
243 285 800 1191 1237 1251 1256 
139 244 800 1192 1238 1252 1257 
247 476 530 969 1193 1239 1253 
248 286 476 1194 1240 1254 1256 
140 249 476 1195 1241 1255 1257 
257 321 457 890 1256 1258 1259 
258 356 666 891 1256 1260 1261 
259 371 746 892 1258 1260 1262 
260 376 532 769 1259 1261 1262 
261 412 893 961 1256 1263 1264 
262 427 894 1033 1258 1263 1265 
263 432 533 1051 1259 1264 1265 
264 448 895 1111 1260 1263 1266 
265 453 534 1127 1261 1264 1266 
266 287 459 1141 1262 1265 1266 
267 457 530 896 1267 1268 1269 
268 565 666 897 1267 1270 1271 
269 580 746 898 1268 1270 1272 
270 535 585 769 1269 1271 1272 
271 621 899 961 1267 1273 1274 
272 636 900 1033 1268 1273 1275 
273 536 641 1051 1269 1274 1275 
274 657 901 1111 1270 1273 1276 
275 537 662 1127 1271 1274 1276 
276 288 668 1141 1272 1275 1276 
277 702 902 1256 1267 1277 1278 
278 717 903 1258 1268 1277 1279 
279 538 722 1259 1269 1278 1279 
280 738 904 1260 1270 1277 1280 
281 539 743 1261 1271 1278 1280 
282 289 748 1262 1272 1279 1280 
283 761 905 1156 1263 1273 1277 
284 540 766 1156 1264 1274 1278 
285 290 771 1156 1265 1275 1279 
141 286 775 1156 1266 1276 1280 
287 457 831 906 1134 1281 1282 
288 666 866 907 1134 1283 1284 
289 746 881 908 1281 1283 1285 
290 541 769 886 1282 1284 1285 
291 909 920 961 1134 1286 1287 
292 910 935 1033 1281 1286 1288 
293 542 940 1051 1282 1287 1288 
294 911 954 1111 1283 1286 1289 
295 543 959 1127 1284 1287 1289 
291 296 963 1141 1285 1288 1289 
297 912 993 1134 1256 1290 1291 
298 913 1008 1258 1281 1290 1292 
299 544 1013 1259 1282 1291 1292 
300 914 1027 1260 1283 1290 1293 
301 545 1032 1261 1284 1291 1293 
292 302 1035 1262 1285 1292 1293 
303 915 1045 1157 1263 1286 1290 
304 546 1050 1157 1264 1287 1291 
293 305 1053 1157 1265 1288 1292 
142 306 1055 1157 1266 1289 1293 
307 916 1063 1074 1134 1267 1294 
308 917 1063 1089 1268 1281 1295 
309 547 1093 1269 1282 1294 1295 
310 918 1063 1106 1270 1283 1296 
311 548 1110 1271 1284 1294 1296 
294 312 1113 1272 1285 1295 1296 
313 919 1063 1122 1158 1273 1286 
314 549 1126 1158 1274 1287 1294 
295 315 1129 1158 1275 1288 1295 
143 316 1131 1158 1276 1289 1296 
317 801 920 1063 1136 1277 1290 
318 550 801 1140 1278 1291 1294 
296 319 801 1143 1279 1292 1295 
144 320 801 1145 1280 1293 1296 
323 666 754 922 1147 1297 1298 
324 746 923 1038 1148 1297 1299 
325 551 769 1115 1149 1298 1299 
326 754 924 961 1150 1300 1301 
327 925 1033 1038 1151 1300 1302 
328 552 1051 1115 1152 1301 1302 
329 926 1111 1153 1297 1300 1303 
330 553 1127 1154 1298 1301 1303 
297 331 1141 1155 1299 1302 1303 
332 754 927 1156 1256 1304 1305 
333 928 1038 1157 1258 1304 1306 
334 554 1115 1158 1259 1305 1306 
335 929 1159 1260 1297 1304 1307 
336 555 1160 1261 1298 1305 1307 
298 337 1161 1262 1299 1306 1307 
338 930 1159 1162 1263 1300 1304 
339 556 1159 1163 1264 1301 1305 
299 340 1159 1164 1265 1302 1306 
145 341 1159 1165 1266 1303 1307 
342 754 931 1064 1166 1267 1308 
343 932 1038 1064 1167 1268 1309 
344 557 1115 1168 1269 1308 1309 
345 933 1064 1169 1270 1297 1310 
346 558 1170 1271 1298 1308 1310 
300 347 1171 1272 1299 1309 1310 
348 934 1064 1160 1172 1273 1300 
349 559 1160 1173 1274 1301 1308 
301 350 1160 1174 1275 1302 1309 
146 351 1160 1175 1276 1303 1310 
352 802 935 1064 1176 1277 1304 
353 560 802 1177 1278 1305 1308 
302 354 802 1178 1279 1306 1309 
147 355 802 1179 1280 1307 1310 
358 679 937 1038 1180 1258 1281 
359 561 970 1115 1181 1258 1282 
360 679 938 1182 1283 1297 1311 
361 562 970 1183 1284 1298 1311 
303 362 1184 1258 1285 1299 1311 
363 679 939 1161 1185 1286 1300 
364 563 970 1161 1186 1287 1301 
304 365 1161 1187 1258 1288 1302 
148 366 1161 1188 1289 1303 1311 
367 679 803 940 1189 1290 1304 
368 564 803 970 1190 1291 1305 
305 369 803 1191 1258 1292 1306 
149 370 803 1192 1293 1307 1311 
373 477 565 970 1193 1294 1308 
306 374 477 1194 1258 1295 1309 
150 375 477 1195 1296 1310 1311 
382 437 943 961 1196 1242 1297 
383 646 944 1033 1197 1242 1312 
384 567 727 1051 1198 1297 1312 
385 943 945 1111 1199 1242 1313 
386 568 1016 1127 1200 1297 1313 
307 387 1095 1141 1201 1312 1313 
388 437 946 1202 1256 1314 1315 
389 646 947 1203 1258 1314 1316 
390 569 727 1204 1259 1315 1316 
391 943 948 1205 1260 1314 1317 
392 570 1016 1206 1261 1315 1317 
308 393 1095 1207 1262 1316 1317 
394 949 1162 1208 1242 1263 1314 
395 571 1162 1209 1264 1297 1315 
309 396 1162 1210 1265 1312 1316 
151 397 1162 1211 1266 1313 1317 
398 437 950 1065 1212 1267 1318 
399 646 951 1065 1213 1268 1319 
400 572 727 1214 1269 1318 1319 
401 943 952 1065 1215 1270 1320 
402 573 1016 1216 1271 1318 1320 
310 403 1095 1217 1272 1319 1320 
404 953 1065 1163 1218 1242 1273 
405 574 1163 1219 1274 1297 1318 
311 406 1163 1220 1275 1312 1319 
152 407 1163 1221 1276 1313 1320 
408 804 954 1065 1222 1277 1314 
409 575 804 1223 1278 1315 1318 
312 410 804 1224 1279 1316 1319 
153 411 804 1225 1280 1317 1320 
414 646 680 956 1226 1259 1281 
415 576 727 971 1227 1259 1282 
416 680 943 957 1228 1283 1321 
417 577 971 1016 1229 1284 1321 
313 418 1095 1230 1259 1285 1321 
419 680 958 1164 1231 1242 1286 
420 578 971 1164 1232 1287 1297 
314 421 1164 1233 1259 1288 1312 
154 422 1164 1234 1289 1313 1321 
423 680 805 959 1235 1290 1314 
424 579 805 971 1236 1291 1315 
315 425 805 1237 1259 1292 1316 
155 426 805 1238 1293 1317 1321 
429 478 580 971 1239 1294 1318 
316 430 478 1240 1259 1295 1319 
156 431 478 1241 1296 1320 1321 
438 582 591 1016 1196 1243 1298 
317 439 890 1095 1196 1244 1299 
382 440 962 1165 1242 1245 1300 
441 583 591 1165 1246 1297 1301 
318 442 890 1165 1247 1302 1312 
157 443 1165 1196 1248 1303 1313 
382 444 806 963 1249 1304 1314 
445 584 591 806 1250 1305 1315 
319 446 806 890 1251 1306 1316 
158 447 806 1196 1252 1307 1317 
450 479 585 591 1253 1308 1318 
320 451 479 890 1254 1309 1319 
159 452 479 1196 1255 1310 1320 
160 257 458 1196 1257 1311 1321 
480 582 621 972 1193 1322 1323 
481 636 638 973 1239 1322 1324 
482 592 641 659 1253 1323 1324 
483 657 719 974 1294 1322 1325 
484 593 662 740 1308 1323 1325 
323 485 668 763 1318 1324 1325 
486 702 883 975 1193 1326 1327 
487 717 937 976 1239 1326 1328 
488 594 722 956 1253 1327 1328 
489 738 977 1010 1294 1326 1329 
490 595 743 1029 1308 1327 1329 
324 491 748 1047 1318 1328 1329 
492 761 978 1090 1166 1322 1326 
493 596 766 1107 1166 1323 1327 
325 494 771 1123 1166 1324 1328 
161 495 775 1137 1166 1325 1329 
247 496 831 979 1135 1330 1331 
373 497 866 980 1135 1332 1333 
429 498 881 981 1330 1332 1334 
450 499 597 886 1331 1333 1334 
500 582 920 982 1135 1335 1336 
501 638 935 983 1330 1335 1337 
502 598 659 940 1331 1336 1337 
503 719 954 984 1332 1335 1338 
504 599 740 959 1333 1336 1338 
326 505 763 963 1334 1337 1338 
506 883 985 993 1135 1339 1340 
507 937 986 1008 1330 1339 1341 
508 600 956 1013 1331 1340 1341 
509 987 1010 1027 1332 1339 1342 
510 601 1029 1032 1333 1340 1342 
327 511 1035 1047 1334 1341 1342 
512 988 1045 1090 1167 1335 1339 
513 602 1050 1107 1167 1336 1340 
328 514 1053 1123 1167 1337 1341 
162 515 1055 1137 1167 1338 1342 
516 989 1066 1074 1135 1193 1322 
517 990 1066 1089 1239 1330 1343 
518 603 1093 1253 1322 1331 1343 
519 991 1066 1106 1294 1332 1344 
520 604 1110 1308 1322 1333 1344 
329 521 1113 1318 1334 1343 1344 
522 992 1066 1122 1168 1322 1335 
523 605 1126 1168 1322 1323 1336 
330 524 1129 1168 1324 1337 1343 
163 525 1131 1168 1325 1338 1344 
526 807 993 1066 1136 1326 1339 
527 606 807 1140 1322 1327 1340 
331 528 807 1143 1328 1341 1343 
164 529 807 1145 1329 1342 1344 
373 532 755 995 1147 1312 1345 
429 533 996 1039 1148 1312 1346 
450 534 607 1116 1149 1345 1346 
535 582 755 997 1150 1347 1348 
536 638 998 1039 1151 1347 1349 
537 608 659 1116 1152 1348 1349 
538 719 999 1153 1312 1347 1350 
539 609 740 1154 1345 1348 1350 
332 540 763 1155 1346 1349 1350 
541 755 883 1000 1156 1351 1352 
542 937 1001 1039 1157 1351 1353 
543 610 956 1116 1158 1352 1353 
544 1002 1010 1159 1312 1351 1354 
545 611 1029 1160 1345 1352 1354 
333 546 1047 1161 1346 1353 1354 
547 1003 1090 1162 1169 1347 1351 
548 612 1107 1163 1169 1348 1352 
334 549 1123 1164 1169 1349 1353 
165 550 1137 1165 1169 1350 1354 
551 755 1004 1067 1166 1193 1323 
552 1005 1039 1067 1167 1239 1355 
553 613 1116 1168 1253 1323 1355 
554 1006 1067 1169 1294 1312 1356 
555 614 1170 1308 1323 1345 1356 
335 556 1171 1318 1346 1355 1356 
557 1007 1067 1170 1172 1322 1347 
336 559 1170 1174 1324 1349 1355 
166 560 1170 1175 1325 1350 1356 
561 808 1008 1067 1176 1326 1351 
562 616 808 1177 1323 1327 1352 
337 563 808 1178 1328 1353 1355 
167 564 808 1179 1329 1354 1356 
567 681 1010 1039 1180 1260 1330 
568 617 972 1116 1181 1260 1331 
569 681 1011 1182 1312 1332 1357 
570 618 972 1183 1333 1345 1357 
338 571 1184 1260 1334 1346 1357 
572 681 1012 1171 1185 1335 1347 
573 619 972 1171 1186 1336 1348 
339 574 1171 1187 1260 1337 1349 
168 575 1171 1188 1338 1350 1357 
576 681 809 1013 1189 1339 1351 
577 620 809 972 1190 1340 1352 
340 578 809 1191 1260 1341 1353 
169 579 809 1192 1342 1354 1357 
341 480 583 1194 1260 1343 1355 
170 480 584 1195 1344 1356 1357 
592 638 647 1017 1197 1243 1345 
593 623 659 728 1198 1298 1345 
594 719 944 1018 1199 1243 1358 
595 624 740 1017 1200 1298 1358 
342 596 763 1096 1201 1345 1358 
438 597 883 1019 1202 1359 1360 
598 647 937 1020 1203 1359 1361 
599 625 728 956 1204 1360 1361 
600 944 1010 1021 1205 1359 1362 
601 626 1017 1029 1206 1360 1362 
343 602 1047 1096 1207 1361 1362 
603 1022 1090 1172 1208 1243 1359 
604 627 1107 1172 1209 1298 1360 
344 605 1123 1172 1210 1345 1361 
171 606 1137 1172 1211 1358 1362 
438 607 1023 1068 1193 1212 1324 
608 647 1024 1068 1213 1239 1363 
609 628 728 1214 1253 1324 1363 
610 944 1025 1068 1215 1294 1364 
611 629 1017 1216 1308 1324 1364 
345 612 1096 1217 1318 1363 1364 
613 1026 1068 1173 1218 1243 1322 
614 630 1173 1219 1298 1323 1324 
346 615 1173 1220 1324 1345 1363 
172 616 1173 1221 1325 1358 1364 
617 810 1027 1068 1222 1326 1359 
618 631 810 1223 1324 1327 1360 
347 619 810 1224 1328 1361 1363 
173 620 810 1225 1329 1362 1364 
623 647 682 1029 1226 1261 1330 
624 632 728 973 1227 1261 1331 
625 682 944 1030 1228 1332 1365 
626 633 973 1017 1229 1333 1365 
348 627 1096 1230 1261 1334 1365 
628 682 1031 1174 1231 1243 1335 
629 634 973 1174 1232 1298 1336 
349 630 1174 1233 1261 1337 1345 
174 631 1174 1234 1338 1358 1365 
632 682 811 1032 1235 1339 1359 
633 635 811 973 1236 1340 1360 
350 634 811 1237 1261 1341 1361 
175 635 811 1238 1342 1362 1365 
351 481 639 1240 1261 1343 1363 
176 481 640 1241 1344 1364 1365 
352 648 891 1096 1197 1244 1346 
383 649 1034 1175 1243 1245 1347 
592 639 650 1175 1246 1298 1348 
353 651 891 1175 1247 1345 1349 
177 652 1175 1197 1248 1350 1358 
383 653 812 1035 1249 1351 1359 
592 640 654 812 1250 1352 1360 
354 655 812 891 1251 1353 1361 
178 656 812 1197 1252 1354 1362 
355 482 660 891 1254 1355 1363 
179 482 661 1197 1255 1356 1364 
180 258 667 1197 1257 1357 1365 
358 683 704 1047 1262 1281 1330 
684 868 1040 1090 1176 1180 1263 
648 685 922 1107 1176 1226 1264 
359 686 995 1123 1176 1265 1281 
181 687 1076 1137 1176 1266 1330 
232 688 1041 1069 1193 1267 1325 
358 689 1042 1069 1239 1268 1366 
414 649 690 1253 1269 1325 1366 
567 691 1043 1069 1270 1294 1367 
623 650 692 1271 1308 1325 1367 
360 693 704 1272 1318 1366 1367 
694 868 1044 1069 1177 1273 1322 
651 695 922 1177 1274 1323 1325 
361 696 995 1177 1275 1324 1366 
182 697 1076 1177 1276 1325 1367 
698 813 1045 1069 1180 1277 1326 
652 699 813 1226 1278 1325 1327 
362 700 813 1279 1281 1328 1366 
183 701 813 1280 1329 1330 1367 
414 653 705 974 1262 1282 1331 
567 683 706 1048 1283 1332 1368 
623 654 707 974 1284 1333 1368 
363 704 708 1262 1285 1334 1368 
683 709 868 1049 1178 1286 1335 
655 710 922 974 1178 1287 1336 
364 711 995 1178 1262 1288 1337 
184 712 1076 1178 1289 1338 1368 
683 713 814 1050 1180 1290 1339 
656 714 814 974 1226 1291 1340 
365 715 814 1262 1281 1292 1341 
185 716 814 1293 1330 1342 1368 
366 483 720 1262 1295 1343 1366 
186 483 721 1296 1344 1367 1368 
367 704 729 892 1198 1299 1346 
384 730 868 1052 1179 1300 1347 
593 660 731 922 1179 1301 1348 
368 732 892 995 1179 1302 1349 
187 733 1076 1179 1198 1303 1350 
384 734 815 1053 1180 1304 1351 
593 661 735 815 1226 1305 1352 
369 736 815 892 1281 1306 1353 
188 737 815 1198 1307 1330 1354 
370 484 741 892 1309 1355 1366 
189 484 742 1198 1310 1356 1367 
190 259 747 1198 1311 1357 1368 
191 756 833 1076 1147 1313 1358 
197 757 816 1055 1180 1314 1359 
323 667 758 816 1226 1315 1360 
374 532 759 816 1281 1316 1361 
192 760 816 833 1317 1330 1362 
375 485 532 764 1319 1363 1366 
193 485 765 833 1320 1364 1367 
194 260 770 833 1321 1365 1368 
818 862 1070 1071 1089 1176 1369 
684 819 877 1093 1189 1326 1369 
820 916 1070 1072 1106 1222 1370 
685 821 931 1110 1235 1326 1370 
385 822 950 1113 1249 1369 1370 
823 989 1070 1073 1122 1181 1277 
686 824 1004 1126 1181 1290 1326 
386 825 1023 1129 1181 1304 1369 
198 826 1041 1131 1181 1314 1370 
687 817 828 1085 1140 1326 1339 
387 817 829 1102 1143 1351 1369 
199 817 830 1118 1145 1359 1370 
226 834 1040 1077 1148 1313 1371 
241 688 835 1117 1149 1358 1371 
317 756 836 1078 1150 1372 1373 
352 837 1040 1079 1151 1372 1374 
367 689 838 1117 1152 1373 1374 
408 839 1080 1153 1313 1372 1375 
423 690 840 1154 1358 1373 1375 
388 444 841 1155 1371 1374 1375 
526 756 842 1081 1156 1369 1376 
561 843 1040 1082 1157 1369 1377 
576 691 844 1117 1158 1376 1377 
617 845 1083 1159 1313 1369 1378 
632 692 846 1160 1358 1376 1378 
389 653 847 1161 1371 1377 1378 
698 848 1084 1162 1182 1369 1372 
693 713 849 1163 1182 1373 1376 
390 734 850 1164 1182 1374 1377 
200 757 851 1165 1182 1375 1378 
756 827 852 1071 1085 1166 1327 
853 862 1040 1071 1086 1167 1379 
694 854 877 1117 1168 1327 1379 
855 916 1071 1087 1169 1313 1380 
695 856 931 1170 1327 1358 1380 
391 857 950 1171 1371 1379 1380 
858 989 1071 1088 1172 1183 1372 
696 859 1004 1173 1183 1327 1373 
392 860 1023 1174 1183 1374 1379 
201 861 1041 1175 1183 1375 1380 
697 818 863 1085 1177 1327 1376 
393 818 864 1102 1178 1377 1379 
202 818 865 1118 1179 1378 1380 
698 869 975 1117 1181 1189 1263 
684 870 1091 1182 1222 1313 1381 
699 871 975 1183 1235 1358 1381 
394 872 1184 1249 1263 1371 1381 
684 873 1092 1184 1185 1277 1372 
700 874 975 1184 1186 1290 1373 
395 875 1184 1187 1263 1304 1374 
203 876 1184 1188 1314 1375 1381 
701 819 878 975 1190 1339 1376 
396 819 879 1191 1263 1351 1377 
204 819 880 1192 1359 1378 1381 
397 486 884 1194 1263 1369 1379 
205 486 885 1195 1370 1380 1381 
408 893 945 1097 1199 1244 1371 
423 705 894 1018 1200 1299 1371 
398 444 895 1097 1201 1346 1371 
439 526 896 1098 1202 1370 1382 
561 648 897 1099 1203 1370 1383 
576 706 729 898 1204 1382 1383 
617 899 945 1100 1205 1370 1384 
632 707 900 1018 1206 1382 1384 
399 653 901 1097 1207 1383 1384 
698 902 1101 1185 1208 1244 1370 
708 713 903 1185 1209 1299 1382 
400 734 904 1185 1210 1346 1383 
206 757 905 1185 1211 1371 1384 
439 827 906 1072 1102 1212 1328 
648 862 907 1072 1103 1213 1385 
709 729 877 908 1214 1328 1385 
909 916 945 1072 1104 1215 1386 
710 910 931 1018 1216 1328 1386 
401 911 950 1097 1217 1385 1386 
912 989 1072 1105 1186 1218 1244 
711 913 1004 1186 1219 1299 1328 
402 914 1023 1186 1220 1346 1385 
207 915 1041 1186 1221 1371 1386 
712 820 917 1085 1223 1328 1382 
403 820 918 1102 1224 1383 1385 
208 820 919 1118 1225 1384 1386 
713 729 923 976 1189 1227 1264 
685 924 945 1108 1222 1228 1387 
714 925 976 1018 1229 1235 1387 
404 926 1097 1230 1249 1264 1387 
685 927 1109 1187 1231 1244 1277 
715 928 976 1187 1232 1290 1299 
405 929 1187 1233 1264 1304 1346 
209 930 1187 1234 1314 1371 1387 
716 821 932 976 1236 1339 1382 
406 821 933 1237 1264 1351 1383 
210 821 934 1238 1359 1384 1387 
407 487 938 1240 1264 1369 1385 
211 487 939 1241 1370 1386 1387 
385 946 1112 1188 1244 1245 1372 
594 720 947 1188 1246 1299 1373 
409 893 948 1188 1247 1346 1374 
212 949 1188 1199 1248 1371 1375 
594 721 822 951 1250 1376 1382 
410 822 893 952 1251 1377 1383 
213 822 953 1199 1252 1378 1384 
411 488 893 957 1254 1379 1385 
214 488 958 1199 1255 1380 1386 
215 261 962 1199 1257 1381 1387 
415 734 977 996 1189 1265 1282 
216 757 978 1077 1189 1266 1331 
233 827 979 1073 1118 1267 1329 
359 862 980 1073 1119 1268 1388 
415 730 877 981 1269 1329 1388 
568 916 982 1073 1120 1270 1389 
624 731 931 983 1271 1329 1389 
416 705 950 984 1272 1388 1389 
869 985 989 1073 1121 1190 1273 
732 923 986 1004 1190 1274 1329 
417 987 996 1023 1190 1275 1388 
217 988 1041 1077 1190 1276 1389 
733 823 990 1085 1227 1278 1329 
418 823 991 1102 1279 1282 1388 
218 823 992 1118 1280 1331 1389 
568 686 997 1124 1222 1283 1390 
624 735 977 998 1235 1284 1390 
419 705 999 1249 1265 1285 1390 
686 869 1000 1125 1191 1277 1286 
736 923 977 1001 1191 1287 1290 
420 996 1002 1191 1265 1288 1304 
219 1003 1077 1191 1289 1314 1390 
737 824 977 1005 1227 1291 1339 
421 824 1006 1265 1282 1292 1351 
220 824 1007 1293 1331 1359 1390 
422 489 1011 1265 1295 1369 1388 
221 489 1012 1296 1370 1389 1390 
386 869 1019 1128 1192 1300 1372 
595 741 923 1020 1192 1301 1373 
424 894 996 1021 1192 1302 1374 
222 1022 1077 1192 1200 1303 1375 
595 742 825 1024 1227 1305 1376 
425 825 894 1025 1282 1306 1377 
223 825 1026 1200 1307 1331 1378 
426 490 894 1030 1309 1379 1388 
224 490 1031 1200 1310 1380 1389 
225 262 1034 1200 1311 1381 1390 
324 747 826 1042 1227 1315 1382 
430 533 826 1043 1282 1316 1383 
227 826 834 1044 1317 1331 1384 
431 491 533 1048 1319 1385 1388 
228 491 834 1049 1320 1386 1389 
229 263 834 1052 1321 1387 1390 
307 687 1078 1138 1222 1332 1391 
342 758 978 1079 1235 1333 1391 
398 440 1080 1249 1266 1334 1391 
516 687 1081 1139 1194 1277 1335 
551 759 978 1082 1194 1290 1336 
441 607 1083 1194 1266 1304 1337 
234 688 1084 1194 1314 1338 1391 
760 828 852 978 1086 1339 1340 
442 828 906 1087 1266 1341 1351 
235 828 979 1088 1342 1359 1391 
443 492 1091 1212 1266 1343 1369 
236 492 1092 1267 1344 1370 1391 
387 516 1098 1142 1195 1347 1372 
551 596 764 1099 1195 1348 1373 
445 607 895 1100 1195 1349 1374 
237 688 1101 1195 1201 1350 1375 
596 765 829 852 1103 1352 1376 
446 829 895 906 1104 1353 1377 
238 829 979 1105 1201 1354 1378 
447 493 895 1108 1212 1355 1379 
239 493 1109 1201 1267 1356 1380 
240 264 1112 1201 1357 1381 1391 
325 770 830 852 1119 1360 1382 
451 534 830 906 1120 1361 1383 
242 830 835 979 1121 1362 1384 
452 494 534 1124 1212 1363 1385 
243 494 835 1125 1267 1364 1386 
244 265 835 1128 1365 1387 1391 
287 458 495 1138 1212 1366 1388 
248 495 496 1139 1267 1367 1389 
249 266 496 1142 1368 1390 1391 
267 286 458 1202 1391 1392 1393 
268 306 667 1203 1391 1394 1395 
269 316 747 1204 1392 1394 1396 
270 320 770 836 1393 1395 1396 
271 341 962 1205 1391 1397 1398 
272 351 1034 1206 1392 1397 1399 
273 355 837 1052 1393 1398 1399 
274 366 1112 1207 1392 1394 1397 
275 370 838 1128 1392 1395 1398 
276 375 497 1142 1392 1396 1399 
277 397 1208 1257 1372 1391 1400 
278 407 1209 1311 1372 1392 1401 
279 411 839 1321 1393 1400 1401 
280 422 1210 1357 1372 1393 1394 
281 426 840 1365 1393 1395 1400 
282 431 498 1368 1393 1396 1401 
283 443 1202 1211 1372 1381 1397 
284 447 841 1202 1387 1398 1400 
285 452 499 1202 1390 1399 1401 
288 515 667 1138 1213 1402 1403 
289 525 747 1214 1366 1402 1404 
290 529 770 842 1388 1403 1404 
291 550 962 1138 1215 1405 1406 
292 560 1034 1216 1366 1405 1407 
293 564 843 1052 1388 1406 1407 
294 575 1112 1217 1394 1402 1405 
295 579 844 1128 1394 1403 1406 
296 500 584 1142 1394 1404 1407 
297 606 1138 1218 1257 1373 1408 
298 616 1219 1311 1366 1373 1409 
299 620 845 1321 1388 1408 1409 
300 631 1220 1357 1373 1395 1402 
301 635 846 1365 1395 1403 1408 
302 501 640 1368 1395 1404 1409 
303 652 1203 1221 1373 1381 1405 
304 656 847 1203 1387 1406 1408 
305 502 661 1203 1390 1407 1409 
308 697 1078 1223 1366 1392 1410 
309 701 848 1332 1388 1393 1410 
310 712 1078 1224 1394 1396 1402 
311 716 849 1332 1395 1396 1403 
313 733 1078 1204 1225 1397 1405 
314 737 850 1204 1332 1398 1406 
315 504 742 1204 1399 1407 1410 
318 760 836 851 1332 1400 1408 
319 505 765 836 1401 1409 1410 
326 758 851 962 1228 1411 1412 
327 861 1034 1042 1229 1411 1413 
328 853 865 1052 1119 1412 1413 
329 876 1112 1230 1315 1397 1411 
330 854 880 1128 1360 1397 1412 
331 506 885 1142 1382 1397 1413 
332 758 905 1231 1257 1374 1414 
333 915 1042 1232 1311 1374 1415 
334 855 919 1119 1321 1414 1415 
335 930 1233 1315 1357 1374 1398 
336 856 934 1360 1365 1398 1414 
337 507 939 1368 1382 1398 1415 
338 949 1205 1234 1374 1381 1411 
339 857 953 1205 1387 1412 1414 
340 508 958 1205 1390 1413 1415 
343 988 1042 1079 1236 1392 1416 
344 858 992 1119 1333 1393 1416 
345 1003 1079 1237 1315 1394 1399 
346 859 1007 1333 1360 1395 1399 
347 509 1012 1382 1396 1399 1416 
348 1022 1079 1206 1238 1397 1411 
349 860 1026 1206 1333 1398 1412 
350 510 1031 1206 1399 1413 1416 
353 837 861 1044 1333 1400 1414 
354 511 837 1049 1401 1415 1416 
360 689 1084 1240 1315 1392 1402 
361 863 980 1088 1360 1392 1403 
362 512 1092 1268 1382 1392 1404 
363 689 1101 1207 1241 1405 1411 
364 864 980 1105 1207 1406 1412 
365 513 1109 1207 1268 1407 1413 
368 838 865 980 1121 1408 1414 
369 514 838 1125 1268 1409 1415 
374 497 515 1139 1268 1410 1416 
388 440 1211 1245 1257 1375 1411 
389 649 1221 1246 1311 1375 1417 
390 730 870 1225 1321 1411 1417 
391 946 1234 1247 1357 1375 1400 
392 871 1019 1238 1365 1400 1411 
393 517 1098 1241 1368 1400 1417 
395 872 1208 1252 1300 1387 1411 
396 518 1208 1255 1347 1390 1417 
399 649 1080 1250 1276 1392 1418 
400 730 873 1280 1334 1393 1418 
401 946 1080 1251 1289 1394 1401 
402 874 1019 1293 1334 1395 1401 
403 519 1098 1296 1396 1401 1418 
404 1080 1209 1245 1252 1303 1397 
405 875 1209 1300 1307 1334 1398 
406 520 1209 1310 1347 1399 1418 
409 839 876 1317 1334 1400 1411 
410 521 839 1320 1401 1417 1418 
416 690 946 1254 1338 1393 1402 
417 878 981 1019 1342 1393 1403 
418 522 1098 1269 1344 1393 1404 
419 690 1210 1245 1255 1350 1405 
420 879 981 1210 1300 1354 1406 
421 523 1210 1269 1347 1356 1407 
424 840 880 981 1362 1408 1411 
425 524 840 1269 1364 1409 1417 
430 498 525 1269 1367 1410 1418 
441 597 884 1211 1300 1378 1412 
442 527 896 1211 1347 1380 1413 
445 597 841 885 1384 1411 1414 
446 528 841 896 1386 1415 1417 
451 499 529 896 1389 1416 1418 
500 550 583 1139 1270 1419 1420 
501 560 639 1271 1367 1419 1421 
502 564 660 897 1389 1420 1421 
503 575 720 1272 1402 1410 1419 
504 579 741 898 1402 1416 1420 
505 535 584 764 1402 1418 1421 
506 606 884 1139 1273 1376 1422 
507 616 938 1274 1367 1376 1423 
508 620 899 957 1389 1422 1423 
509 631 1011 1275 1376 1403 1410 
510 635 900 1030 1403 1416 1422 
511 536 640 1048 1403 1418 1423 
512 652 1091 1213 1276 1376 1419 
513 656 901 1108 1213 1420 1422 
514 537 661 1124 1213 1421 1423 
517 697 1081 1240 1278 1367 1419 
518 701 902 1254 1335 1389 1419 
519 712 1081 1279 1295 1404 1410 
520 716 903 1309 1335 1404 1416 
521 538 721 1319 1404 1418 1419 
522 733 1081 1214 1280 1343 1419 
523 737 904 1214 1335 1355 1420 
524 539 742 1214 1363 1419 1421 
527 760 842 905 1335 1379 1422 
528 540 765 842 1385 1419 1423 
535 583 759 851 1283 1417 1424 
536 639 861 1043 1284 1417 1425 
537 660 865 907 1120 1424 1425 
538 720 876 1285 1316 1405 1417 
539 741 880 908 1361 1405 1424 
540 541 764 885 1383 1405 1425 
541 759 884 905 1286 1377 1426 
542 915 938 1043 1287 1377 1427 
543 909 919 957 1120 1426 1427 
544 930 1011 1288 1316 1377 1406 
545 910 934 1030 1361 1406 1426 
542 546 939 1048 1383 1406 1427 
547 949 1091 1215 1289 1377 1417 
548 911 953 1108 1215 1424 1426 
543 549 958 1124 1215 1425 1427 
552 988 1043 1082 1240 1291 1420 
553 912 992 1120 1254 1336 1420 
554 1003 1082 1292 1295 1316 1407 
555 913 1007 1309 1336 1361 1407 
544 556 1012 1319 1383 1407 1420 
557 1022 1082 1216 1293 1343 1417 
558 914 1026 1216 1336 1355 1424 
545 559 1031 1216 1363 1420 1425 
562 843 915 1044 1336 1379 1426 
546 563 843 1049 1385 1420 1427 
569 691 1084 1295 1316 1394 1410 
570 917 982 1088 1361 1394 1416 
547 571 1092 1270 1383 1394 1418 
572 691 1101 1217 1296 1417 1419 
573 918 982 1105 1217 1420 1424 
548 574 1109 1217 1270 1421 1425 
577 844 919 982 1121 1422 1426 
549 578 844 1125 1270 1423 1427 
598 650 938 1221 1301 1378 1424 
599 731 924 957 1225 1412 1424 
600 947 1011 1234 1302 1378 1408 
601 925 1020 1030 1238 1408 1412 
552 602 1048 1099 1241 1408 1424 
603 1091 1218 1246 1248 1303 1378 
604 926 1108 1218 1252 1301 1412 
553 605 1124 1218 1255 1348 1424 
608 650 1083 1240 1276 1305 1421 
609 731 927 1254 1280 1337 1421 
610 947 1083 1289 1295 1306 1409 
611 928 1020 1293 1309 1337 1409 
554 612 1099 1296 1319 1409 1421 
613 1083 1219 1246 1303 1307 1343 
614 929 1219 1301 1307 1337 1355 
555 615 1219 1310 1348 1363 1421 
618 845 930 1317 1337 1379 1412 
556 619 845 1320 1385 1421 1424 
625 692 947 1309 1338 1395 1410 
626 932 983 1020 1342 1395 1416 
557 627 1099 1271 1344 1395 1418 
628 692 1220 1246 1310 1350 1419 
629 933 983 1220 1301 1354 1420 
558 630 1220 1271 1348 1356 1421 
633 846 934 983 1362 1412 1422 
559 634 846 1271 1364 1423 1424 
562 651 897 1221 1348 1380 1425 
598 654 847 939 1384 1412 1426 
563 655 847 897 1386 1424 1427 
569 693 706 1319 1396 1402 1410 
694 870 1084 1223 1317 1343 1397 
695 924 948 1223 1338 1355 1398 
570 696 997 1223 1363 1399 1402 
699 848 949 1228 1338 1379 1400 
571 700 848 1283 1385 1401 1402 
625 707 951 984 1396 1403 1416 
572 706 708 1272 1396 1404 1418 
693 709 870 1224 1320 1405 1419 
710 924 952 984 1224 1406 1420 
573 711 997 1224 1272 1407 1421 
714 849 953 984 1228 1408 1422 
574 715 849 1272 1283 1409 1423 
577 732 898 997 1225 1413 1425 
599 735 850 958 1228 1414 1426 
578 736 850 898 1283 1415 1427 
853 863 988 1044 1086 1340 1422 
854 878 985 992 1121 1340 1422 
855 917 1003 1086 1317 1341 1413 
856 932 986 1007 1340 1362 1413 
600 857 951 1012 1384 1413 1422 
858 990 1022 1086 1229 1342 1400 
859 987 1005 1026 1229 1340 1408 
601 860 1024 1031 1229 1414 1422 
602 853 864 1049 1103 1422 1426 
871 985 990 1088 1236 1362 1397 
603 872 1092 1250 1273 1384 1397 
694 873 1101 1230 1278 1344 1400 
874 985 991 1105 1230 1291 1408 
604 875 1109 1230 1273 1305 1414 
605 854 879 1125 1273 1352 1426 
618 899 948 1234 1349 1380 1414 
633 900 998 1021 1238 1413 1414 
608 654 901 1100 1241 1414 1425 
699 902 1231 1247 1248 1350 1380 
714 903 999 1231 1252 1302 1413 
609 735 904 1231 1255 1349 1425 
651 863 907 1087 1276 1352 1423 
732 878 908 1000 1280 1341 1423 
909 917 948 1087 1289 1353 1415 
910 932 1001 1021 1293 1341 1415 
610 911 951 1100 1296 1415 1423 
912 990 1087 1232 1247 1303 1354 
913 1002 1005 1232 1302 1307 1341 
611 914 1024 1232 1310 1349 1423 
612 855 918 1103 1320 1423 1425 
925 986 1005 1021 1236 1342 1398 
613 926 1100 1250 1274 1344 1398 
695 927 1233 1247 1278 1350 1356 
928 986 1006 1233 1291 1302 1354 
614 929 1233 1274 1305 1349 1356 
615 856 933 1274 1352 1364 1425 
619 857 899 952 1386 1425 1426 
626 987 998 1024 1236 1399 1403 
627 858 991 1103 1284 1401 1403 
628 707 999 1250 1275 1399 1404 
696 871 1000 1237 1278 1364 1405 
925 987 1001 1025 1237 1291 1406 
629 998 1002 1237 1275 1305 1407 
630 859 1006 1275 1284 1352 1409 
634 860 900 1025 1284 1415 1426 
655 864 901 907 1104 1426 1427 
700 872 902 1251 1286 1386 1405 
708 709 873 1279 1285 1401 1404 
912 926 991 1104 1251 1287 1406 
710 927 999 1251 1279 1288 1407 
711 874 1000 1279 1285 1292 1409 
715 875 903 1285 1286 1306 1415 
736 879 904 908 1286 1353 1427 
910 914 933 1025 1287 1353 1427 
913 929 1006 1287 1288 1306 1353 
