728 1136
0 1 6 7 8 9 10 
1 2 6 11 12 13 14 
2 3 7 11 15 16 17 
3 4 8 12 15 18 19 
4 5 9 13 16 18 20 
0 5 10 14 17 19 20 
0 6 21 22 23 24 25 
1 7 21 26 27 28 29 
2 8 22 26 30 31 32 
3 9 23 27 30 33 34 
4 10 24 28 31 33 35 
1 5 25 29 32 34 35 
6 11 21 36 37 38 39 
7 12 22 36 40 41 42 
8 13 23 37 40 43 44 
9 14 24 38 41 43 45 
2 10 25 39 42 44 45 
11 15 26 36 46 47 48 
12 16 27 37 46 49 50 
13 17 28 38 47 49 51 
3 14 29 39 48 50 51 
15 18 30 40 46 52 53 
16 19 31 41 47 52 54 
4 17 32 42 48 53 54 
18 20 33 43 49 52 55 
5 19 34 44 50 53 55 
0 20 35 45 51 54 55 
0 21 56 57 58 59 60 
1 22 56 61 62 63 64 
2 23 57 61 65 66 67 
3 24 58 62 65 68 69 
4 25 59 63 66 68 70 
5 6 60 64 67 69 70 
6 26 56 71 72 73 74 
7 27 57 71 75 76 77 
8 28 58 72 75 78 79 
9 29 59 73 76 78 80 
7 10 60 74 77 79 80 
11 30 61 71 81 82 83 
12 31 62 72 81 84 85 
13 32 63 73 82 84 86 
8 14 64 74 83 85 86 
15 33 65 75 81 87 88 
16 34 66 76 82 87 89 
9 17 67 77 83 88 89 
18 35 68 78 84 87 90 
10 19 69 79 85 88 90 
1 20 70 80 86 89 90 
21 36 56 91 92 93 94 
22 37 57 91 95 96 97 
23 38 58 92 95 98 99 
24 39 59 93 96 98 100 
11 25 60 94 97 99 100 
26 40 61 91 101 102 103 
27 41 62 92 101 104 105 
28 42 63 93 102 104 106 
12 29 64 94 103 105 106 
30 43 65 95 101 107 108 
31 44 66 96 102 107 109 
13 32 67 97 103 108 109 
33 45 68 98 104 107 110 
14 34 69 99 105 108 110 
2 35 70 100 106 109 110 
36 46 71 91 111 112 113 
37 47 72 92 111 114 115 
38 48 73 93 112 114 116 
15 39 74 94 113 115 116 
40 49 75 95 111 117 118 
41 50 76 96 112 117 119 
16 42 77 97 113 118 119 
43 51 78 98 114 117 120 
17 44 79 99 115 118 120 
3 45 80 100 116 119 120 
46 52 81 101 111 121 122 
47 53 82 102 112 121 123 
18 48 83 103 113 122 123 
49 54 84 104 114 121 124 
19 50 85 105 115 122 124 
4 51 86 106 116 123 124 
52 55 87 107 117 121 125 
20 53 88 108 118 122 125 
5 54 89 109 119 123 125 
0 55 90 110 120 124 125 
0 56 126 127 128 129 130 
1 57 126 131 132 133 134 
2 58 127 131 135 136 137 
3 59 128 132 135 138 139 
4 60 129 133 136 138 140 
5 21 130 134 137 139 140 
6 61 126 141 142 143 144 
7 62 127 141 145 146 147 
8 63 128 142 145 148 149 
9 64 129 143 146 148 150 
10 22 130 144 147 149 150 
11 65 131 141 151 152 153 
12 66 132 142 151 154 155 
13 67 133 143 152 154 156 
14 23 134 144 153 155 156 
15 68 135 145 151 157 158 
16 69 136 146 152 157 159 
17 24 137 147 153 158 159 
18 70 138 148 154 157 160 
19 25 139 149 155 158 160 
6 20 140 150 156 159 160 
21 71 126 161 162 163 164 
22 72 127 161 165 166 167 
23 73 128 162 165 168 169 
24 74 129 163 166 168 170 
25 26 130 164 167 169 170 
26 75 131 161 171 172 173 
27 76 132 162 171 174 175 
28 77 133 163 172 174 176 
27 29 134 164 173 175 176 
30 78 135 165 171 177 178 
31 79 136 166 172 177 179 
28 32 137 167 173 178 179 
33 80 138 168 174 177 180 
29 34 139 169 175 178 180 
7 35 140 170 176 179 180 
36 81 141 161 181 182 183 
37 82 142 162 181 184 185 
38 83 143 163 182 184 186 
30 39 144 164 183 185 186 
40 84 145 165 181 187 188 
41 85 146 166 182 187 189 
31 42 147 167 183 188 189 
43 86 148 168 184 187 190 
32 44 149 169 185 188 190 
8 45 150 170 186 189 190 
46 87 151 171 181 191 192 
47 88 152 172 182 191 193 
33 48 153 173 183 192 193 
49 89 154 174 184 191 194 
34 50 155 175 185 192 194 
9 51 156 176 186 193 194 
52 90 157 177 187 191 195 
35 53 158 178 188 192 195 
10 54 159 179 189 193 195 
1 55 160 180 190 194 195 
56 91 126 196 197 198 199 
57 92 127 196 200 201 202 
58 93 128 197 200 203 204 
59 94 129 198 201 203 205 
36 60 130 199 202 204 205 
61 95 131 196 206 207 208 
62 96 132 197 206 209 210 
63 97 133 198 207 209 211 
37 64 134 199 208 210 211 
65 98 135 200 206 212 213 
66 99 136 201 207 212 214 
38 67 137 202 208 213 214 
68 100 138 203 209 212 215 
39 69 139 204 210 213 215 
11 70 140 205 211 214 215 
71 101 141 196 216 217 218 
72 102 142 197 216 219 220 
73 103 143 198 217 219 221 
40 74 144 199 218 220 221 
75 104 145 200 216 222 223 
76 105 146 201 217 222 224 
41 77 147 202 218 223 224 
78 106 148 203 219 222 225 
42 79 149 204 220 223 225 
12 80 150 205 221 224 225 
81 107 151 206 216 226 227 
82 108 152 207 217 226 228 
43 83 153 208 218 227 228 
84 109 154 209 219 226 229 
44 85 155 210 220 227 229 
13 86 156 211 221 228 229 
87 110 157 212 222 226 230 
45 88 158 213 223 227 230 
14 89 159 214 224 228 230 
2 90 160 215 225 229 230 
91 111 161 196 231 232 233 
92 112 162 197 231 234 235 
93 113 163 198 232 234 236 
46 94 164 199 233 235 236 
95 114 165 200 231 237 238 
96 115 166 201 232 237 239 
47 97 167 202 233 238 239 
98 116 168 203 234 237 240 
48 99 169 204 235 238 240 
15 100 170 205 236 239 240 
101 117 171 206 231 241 242 
102 118 172 207 232 241 243 
49 103 173 208 233 242 243 
104 119 174 209 234 241 244 
50 105 175 210 235 242 244 
16 106 176 211 236 243 244 
107 120 177 212 237 241 245 
51 108 178 213 238 242 245 
17 109 179 214 239 243 245 
3 110 180 215 240 244 245 
111 121 181 216 231 246 247 
112 122 182 217 232 246 248 
52 113 183 218 233 247 248 
114 123 184 219 234 246 249 
53 115 185 220 235 247 249 
18 116 186 221 236 248 249 
117 124 187 222 237 246 250 
54 118 188 223 238 247 250 
19 119 189 224 239 248 250 
4 120 190 225 240 249 250 
121 125 191 226 241 246 251 
55 122 192 227 242 247 251 
20 123 193 228 243 248 251 
5 124 194 229 244 249 251 
0 125 195 230 245 250 251 
0 126 251 252 253 254 255 
1 127 251 256 257 258 259 
2 128 252 256 260 261 262 
3 129 253 257 260 263 264 
4 130 254 258 261 263 265 
5 56 255 259 262 264 265 
6 131 251 266 267 268 269 
7 132 252 266 270 271 272 
8 133 253 267 270 273 274 
9 134 254 268 271 273 275 
10 57 255 269 272 274 275 
11 135 256 266 276 277 278 
12 136 257 267 276 279 280 
13 137 258 268 277 279 281 
14 58 259 269 278 280 281 
15 138 260 270 276 282 283 
16 139 261 271 277 282 284 
17 59 262 272 278 283 284 
18 140 263 273 279 282 285 
19 60 264 274 280 283 285 
20 21 265 275 281 284 285 
21 141 251 286 287 288 289 
22 142 252 286 290 291 292 
23 143 253 287 290 293 294 
24 144 254 288 291 293 295 
25 61 255 289 292 294 295 
26 145 256 286 296 297 298 
27 146 257 287 296 299 300 
28 147 258 288 297 299 301 
29 62 259 289 298 300 301 
30 148 260 290 296 302 303 
31 149 261 291 297 302 304 
32 63 262 292 298 303 304 
33 150 263 293 299 302 305 
34 64 264 294 300 303 305 
22 35 265 295 301 304 305 
36 151 266 286 306 307 308 
37 152 267 287 306 309 310 
38 153 268 288 307 309 311 
39 65 269 289 308 310 311 
40 154 270 290 306 312 313 
41 155 271 291 307 312 314 
42 66 272 292 308 313 314 
43 156 273 293 309 312 315 
44 67 274 294 310 313 315 
23 45 275 295 311 314 315 
46 157 276 296 306 316 317 
47 158 277 297 307 316 318 
48 68 278 298 308 317 318 
49 159 279 299 309 316 319 
50 69 280 300 310 317 319 
24 51 281 301 311 318 319 
52 160 282 302 312 316 320 
53 70 283 303 313 317 320 
25 54 284 304 314 318 320 
6 55 285 305 315 319 320 
56 161 251 321 322 323 324 
57 162 252 321 325 326 327 
58 163 253 322 325 328 329 
59 164 254 323 326 328 330 
60 71 255 324 327 329 330 
61 165 256 321 331 332 333 
62 166 257 322 331 334 335 
63 167 258 323 332 334 336 
64 72 259 324 333 335 336 
65 168 260 325 331 337 338 
66 169 261 326 332 337 339 
67 73 262 327 333 338 339 
68 170 263 328 334 337 340 
69 74 264 329 335 338 340 
26 70 265 330 336 339 340 
71 171 266 321 341 342 343 
72 172 267 322 341 344 345 
73 173 268 323 342 344 346 
74 75 269 324 343 345 346 
75 174 270 325 341 347 348 
76 175 271 326 342 347 349 
76 77 272 327 343 348 349 
78 176 273 328 344 347 350 
77 79 274 329 345 348 350 
27 80 275 330 346 349 350 
81 177 276 331 341 351 352 
82 178 277 332 342 351 353 
78 83 278 333 343 352 353 
84 179 279 334 344 351 354 
79 85 280 335 345 352 354 
28 86 281 336 346 353 354 
87 180 282 337 347 351 355 
80 88 283 338 348 352 355 
29 89 284 339 349 353 355 
7 90 285 340 350 354 355 
91 181 286 321 356 357 358 
92 182 287 322 356 359 360 
93 183 288 323 357 359 361 
81 94 289 324 358 360 361 
95 184 290 325 356 362 363 
96 185 291 326 357 362 364 
82 97 292 327 358 363 364 
98 186 293 328 359 362 365 
83 99 294 329 360 363 365 
30 100 295 330 361 364 365 
101 187 296 331 356 366 367 
102 188 297 332 357 366 368 
84 103 298 333 358 367 368 
104 189 299 334 359 366 369 
85 105 300 335 360 367 369 
31 106 301 336 361 368 369 
107 190 302 337 362 366 370 
86 108 303 338 363 367 370 
32 109 304 339 364 368 370 
8 110 305 340 365 369 370 
111 191 306 341 356 371 372 
112 192 307 342 357 371 373 
87 113 308 343 358 372 373 
114 193 309 344 359 371 374 
88 115 310 345 360 372 374 
33 116 311 346 361 373 374 
117 194 312 347 362 371 375 
89 118 313 348 363 372 375 
34 119 314 349 364 373 375 
9 120 315 350 365 374 375 
121 195 252 316 351 366 371 
90 122 252 317 352 367 372 
35 123 252 318 353 368 373 
10 124 252 319 354 369 374 
1 125 252 320 355 370 375 
126 196 246 251 371 376 377 
127 197 246 252 378 379 380 
128 198 253 371 378 381 382 
129 199 254 376 379 381 383 
91 130 255 377 380 382 383 
131 200 246 256 384 385 386 
132 201 257 371 384 387 388 
133 202 258 376 385 387 389 
92 134 259 377 386 388 389 
135 203 260 378 384 390 391 
136 204 261 379 385 390 392 
93 137 262 380 386 391 392 
138 205 263 381 387 390 393 
94 139 264 382 388 391 393 
36 140 265 383 389 392 393 
141 206 246 266 394 395 396 
142 207 267 371 394 397 398 
143 208 268 376 395 397 399 
95 144 269 377 396 398 399 
145 209 270 378 394 400 401 
146 210 271 379 395 400 402 
96 147 272 380 396 401 402 
148 211 273 381 397 400 403 
97 149 274 382 398 401 403 
37 150 275 383 399 402 403 
151 212 276 384 394 404 405 
152 213 277 385 395 404 406 
98 153 278 386 396 405 406 
154 214 279 387 397 404 407 
99 155 280 388 398 405 407 
38 156 281 389 399 406 407 
157 215 282 390 400 404 408 
100 158 283 391 401 405 408 
39 159 284 392 402 406 408 
11 160 285 393 403 407 408 
161 216 246 286 409 410 411 
162 217 287 371 409 412 413 
163 218 288 376 410 412 414 
101 164 289 377 411 413 414 
165 219 290 378 409 415 416 
166 220 291 379 410 415 417 
102 167 292 380 411 416 417 
168 221 293 381 412 415 418 
103 169 294 382 413 416 418 
40 170 295 383 414 417 418 
171 222 296 384 409 419 420 
172 223 297 385 410 419 421 
104 173 298 386 411 420 421 
174 224 299 387 412 419 422 
105 175 300 388 413 420 422 
41 176 301 389 414 421 422 
177 225 302 390 415 419 423 
106 178 303 391 416 420 423 
42 179 304 392 417 421 423 
12 180 305 393 418 422 423 
181 226 306 376 394 409 424 
182 227 307 376 395 410 425 
107 183 308 396 411 424 425 
184 228 309 376 397 412 426 
108 185 310 398 413 424 426 
43 186 311 399 414 425 426 
187 229 312 376 400 415 427 
109 188 313 401 416 424 427 
44 189 314 402 417 425 427 
13 190 315 403 418 426 427 
191 230 253 316 376 404 419 
110 192 253 317 405 420 424 
45 193 253 318 406 421 425 
14 194 253 319 407 422 426 
2 195 253 320 408 423 427 
197 231 232 322 371 428 429 
198 233 323 356 376 428 430 
111 199 324 377 409 429 430 
200 231 234 325 378 431 432 
201 235 326 356 379 431 433 
112 202 327 380 409 432 433 
203 236 328 381 428 431 434 
113 204 329 382 429 432 434 
46 205 330 383 430 433 434 
206 231 237 331 384 435 436 
207 238 332 356 385 435 437 
114 208 333 386 409 436 437 
209 239 334 387 428 435 438 
115 210 335 388 429 436 438 
47 211 336 389 430 437 438 
212 240 337 390 431 435 439 
116 213 338 391 432 436 439 
48 214 339 392 433 437 439 
15 215 340 393 434 438 439 
216 231 241 341 377 394 440 
217 242 342 356 377 395 441 
117 218 343 396 409 440 441 
219 243 344 377 397 428 442 
118 220 345 398 429 440 442 
49 221 346 399 430 441 442 
222 244 347 377 400 431 443 
119 223 348 401 432 440 443 
50 224 349 402 433 441 443 
16 225 350 403 434 442 443 
226 245 254 351 377 404 435 
120 227 254 352 405 436 440 
51 228 254 353 406 437 441 
17 229 254 354 407 438 442 
3 230 254 355 408 439 443 
196 232 247 356 357 410 444 
121 233 321 358 409 411 444 
196 234 248 359 412 428 445 
122 235 321 360 413 429 445 
52 236 361 414 430 444 445 
196 237 249 362 415 431 446 
123 238 321 363 416 432 446 
53 239 364 417 433 444 446 
18 240 365 418 434 445 446 
196 241 250 255 366 419 435 
124 242 255 321 367 420 436 
54 243 255 368 421 437 444 
19 244 255 369 422 438 445 
4 245 255 370 423 439 446 
125 126 247 321 372 424 440 
55 126 248 373 425 441 444 
20 126 249 374 426 442 445 
5 126 250 375 427 443 446 
6 125 256 447 448 449 450 
7 195 257 447 451 452 453 
8 230 258 448 451 454 455 
9 245 259 449 452 454 456 
10 127 250 450 453 455 456 
11 260 320 447 457 458 459 
12 261 355 448 457 460 461 
13 262 370 449 458 460 462 
14 128 375 450 459 461 462 
15 263 408 451 457 463 464 
16 264 423 452 458 463 465 
17 129 427 453 459 464 465 
18 265 439 454 460 463 466 
19 130 443 455 461 464 466 
20 56 446 456 462 465 466 
21 125 266 467 468 469 470 
22 195 267 467 471 472 473 
23 230 268 468 471 474 475 
24 245 269 469 472 474 476 
25 131 250 470 473 475 476 
26 270 320 467 477 478 479 
27 271 355 468 477 480 481 
28 272 370 469 478 480 482 
29 132 375 470 479 481 482 
30 273 408 471 477 483 484 
31 274 423 472 478 483 485 
32 133 427 473 479 484 485 
33 275 439 474 480 483 486 
34 134 443 475 481 484 486 
35 57 446 476 482 485 486 
36 276 447 467 487 488 489 
37 277 448 468 487 490 491 
38 278 449 469 488 490 492 
39 135 450 470 489 491 492 
40 279 451 471 487 493 494 
41 280 452 472 488 493 495 
42 136 453 473 489 494 495 
43 281 454 474 490 493 496 
44 137 455 475 491 494 496 
45 58 456 476 492 495 496 
46 282 457 477 487 497 498 
47 283 458 478 488 497 499 
48 138 459 479 489 498 499 
49 284 460 480 490 497 500 
50 139 461 481 491 498 500 
51 59 462 482 492 499 500 
52 285 447 463 483 493 497 
53 140 447 464 484 494 498 
54 60 447 465 485 495 499 
21 55 447 466 486 496 500 
56 125 286 444 501 502 503 
57 195 287 444 504 505 506 
58 230 288 501 504 507 508 
59 245 289 502 505 507 509 
60 141 250 503 506 508 509 
61 290 320 444 510 511 512 
62 291 355 501 510 513 514 
63 292 370 502 511 513 515 
64 142 375 503 512 514 515 
65 293 408 504 510 516 517 
66 294 423 505 511 516 518 
67 143 427 506 512 517 518 
68 295 439 507 513 516 519 
69 144 443 508 514 517 519 
61 70 446 509 515 518 519 
71 296 444 447 520 521 522 
72 297 448 501 520 523 524 
73 298 449 502 521 523 525 
74 145 450 503 522 524 525 
75 299 451 504 520 526 527 
76 300 452 505 521 526 528 
77 146 453 506 522 527 528 
78 301 454 507 523 526 529 
79 147 455 508 524 527 529 
62 80 456 509 525 528 529 
81 302 457 510 520 530 531 
82 303 458 511 521 530 532 
83 148 459 512 522 531 532 
84 304 460 513 523 530 533 
85 149 461 514 524 531 533 
63 86 462 515 525 532 533 
87 305 448 463 516 526 530 
88 150 448 464 517 527 531 
64 89 448 465 518 528 532 
22 90 448 466 519 529 533 
91 306 428 444 467 534 535 
92 307 428 468 501 536 537 
93 308 469 502 534 536 538 
94 151 470 503 535 537 538 
95 309 428 471 504 539 540 
96 310 472 505 534 539 541 
97 152 473 506 535 540 541 
98 311 474 507 536 539 542 
99 153 475 508 537 540 542 
65 100 476 509 538 541 542 
101 312 428 477 510 543 544 
102 313 478 511 534 543 545 
103 154 479 512 535 544 545 
104 314 480 513 536 543 546 
105 155 481 514 537 544 546 
66 106 482 515 538 545 546 
107 315 449 483 516 539 543 
108 156 449 484 517 540 544 
67 109 449 485 518 541 545 
23 110 449 486 519 542 546 
111 316 378 428 487 520 547 
112 317 378 488 521 534 548 
113 157 489 522 535 547 548 
114 318 378 490 523 536 549 
115 158 491 524 537 547 549 
68 116 492 525 538 548 549 
117 319 378 450 493 526 539 
118 159 450 494 527 540 547 
69 119 450 495 528 541 548 
24 120 450 496 529 542 549 
121 256 320 378 497 530 543 
122 160 256 498 531 544 547 
70 123 256 499 532 545 548 
25 124 256 500 533 546 549 
127 195 247 322 547 550 551 
128 230 323 372 547 552 553 
129 245 324 424 550 552 554 
130 161 250 440 551 553 554 
131 247 320 325 555 556 557 
132 326 355 372 555 558 559 
133 327 370 424 556 558 560 
134 162 375 440 557 559 560 
135 328 408 547 555 561 562 
136 329 423 550 556 561 563 
137 163 427 551 557 562 563 
138 330 439 552 558 561 564 
139 164 443 553 559 562 564 
71 140 446 554 560 563 564 
141 247 331 447 565 566 567 
142 332 372 448 565 568 569 
143 333 424 449 566 568 570 
144 165 440 450 567 569 570 
145 334 451 547 565 571 572 
146 335 452 550 566 571 573 
147 166 453 551 567 572 573 
148 336 454 552 568 571 574 
149 167 455 553 569 572 574 
72 150 456 554 570 573 574 
151 337 457 555 565 575 576 
152 338 458 556 566 575 577 
153 168 459 557 567 576 577 
154 339 460 558 568 575 578 
155 169 461 559 569 576 578 
73 156 462 560 570 577 578 
157 340 451 463 561 571 575 
158 170 451 464 562 572 576 
74 159 451 465 563 573 577 
26 160 451 466 564 574 578 
161 247 341 429 467 579 580 
162 342 372 429 468 581 582 
163 343 424 469 579 581 583 
164 171 440 470 580 582 583 
165 344 429 471 547 584 585 
166 345 472 550 579 584 586 
167 172 473 551 580 585 586 
168 346 474 552 581 584 587 
169 173 475 553 582 585 587 
75 170 476 554 583 586 587 
171 347 429 477 555 588 589 
172 348 478 556 579 588 590 
173 174 479 557 580 589 590 
174 349 480 558 581 588 591 
76 176 482 560 583 590 591 
177 350 452 483 561 584 588 
176 178 452 484 562 585 589 
77 179 452 485 563 586 590 
27 180 452 486 564 587 591 
181 351 379 429 487 550 565 
182 352 379 488 566 579 592 
177 183 489 550 567 580 592 
184 353 379 490 568 581 593 
178 185 491 550 569 582 593 
78 186 492 570 583 592 593 
187 354 379 453 493 571 584 
179 188 453 494 550 572 585 
79 189 453 495 573 586 592 
28 190 453 496 574 587 593 
191 257 355 379 497 575 588 
180 192 257 498 550 576 589 
80 193 257 499 577 590 592 
29 194 257 500 578 591 593 
197 232 357 372 501 534 579 
198 357 358 424 502 534 594 
181 199 410 440 503 579 594 
200 232 359 504 547 595 596 
201 357 360 505 550 595 597 
182 202 410 506 551 596 597 
203 361 507 534 552 595 598 
183 204 508 553 579 596 598 
81 205 509 554 594 597 598 
206 232 362 510 555 599 600 
207 357 363 511 556 599 601 
184 208 410 512 557 600 601 
209 364 513 534 558 599 602 
185 210 514 559 579 600 602 
82 211 515 560 594 601 602 
212 365 454 516 561 595 599 
186 213 454 517 562 596 600 
83 214 454 518 563 597 601 
30 215 454 519 564 598 602 
216 232 366 380 520 551 565 
217 357 367 380 521 566 603 
187 218 410 522 551 567 603 
219 368 380 523 534 568 604 
188 220 524 551 569 579 604 
84 221 525 570 594 603 604 
222 369 380 455 526 571 595 
189 223 455 527 551 572 596 
85 224 455 528 573 597 603 
31 225 455 529 574 598 604 
226 258 370 380 530 575 599 
190 227 258 531 551 576 600 
86 228 258 532 577 601 603 
32 229 258 533 578 602 604 
191 233 322 410 501 535 580 
197 234 373 534 536 581 605 
192 235 322 537 579 582 605 
87 236 501 538 583 594 605 
197 237 374 456 539 584 595 
193 238 322 456 540 585 596 
88 239 456 501 541 586 597 
33 240 456 542 587 598 605 
197 241 259 375 543 588 599 
194 242 259 322 544 589 600 
89 243 259 501 545 590 601 
34 244 259 546 591 602 605 
90 127 248 501 548 592 603 
35 127 249 549 593 604 605 
260 316 381 408 497 606 607 
261 351 382 423 530 606 608 
198 262 366 427 543 607 608 
263 383 404 439 575 606 609 
199 264 419 443 588 607 609 
91 265 435 446 599 608 609 
121 266 384 447 610 611 612 
191 267 385 448 610 613 614 
226 268 386 449 611 613 615 
200 241 269 450 612 614 615 
270 316 387 451 610 616 617 
271 351 388 452 611 616 618 
201 272 366 453 612 617 618 
273 389 404 454 613 616 619 
202 274 419 455 614 617 619 
92 275 435 456 615 618 619 
276 390 457 497 606 610 620 
277 391 458 530 606 611 621 
203 278 459 543 612 620 621 
279 392 460 575 606 613 622 
204 280 461 588 614 620 622 
93 281 462 599 615 621 622 
205 283 457 464 607 617 620 
94 284 457 465 608 618 621 
36 285 457 466 609 619 622 
121 286 394 430 467 594 623 
191 287 395 430 468 624 625 
226 288 396 469 594 624 626 
206 241 289 470 623 625 626 
290 316 397 430 471 627 628 
291 351 398 472 594 627 629 
207 292 366 473 623 628 629 
293 399 404 474 624 627 630 
208 294 419 475 625 628 630 
95 295 435 476 626 629 630 
296 400 430 477 497 607 631 
297 401 478 530 594 607 632 
209 298 479 543 623 631 632 
299 402 480 575 607 624 633 
210 300 481 588 625 631 633 
96 301 482 599 626 632 633 
302 403 458 483 606 607 627 
211 303 458 484 607 628 631 
97 304 458 485 608 629 632 
37 305 458 486 609 630 633 
306 381 404 430 487 552 610 
307 381 405 488 594 611 634 
212 308 489 552 612 623 634 
309 381 406 490 613 624 635 
213 310 491 552 614 625 635 
98 311 492 615 626 634 635 
312 381 407 459 493 616 627 
214 313 459 494 552 617 628 
99 314 459 495 618 629 634 
38 315 459 496 619 630 635 
215 260 317 498 552 620 631 
100 260 318 499 621 632 634 
39 260 319 500 622 633 635 
226 323 358 411 502 535 623 
216 241 324 411 503 580 623 
233 316 325 412 504 636 637 
326 351 358 413 505 636 638 
217 327 366 411 506 637 638 
328 404 414 507 535 636 639 
218 329 419 508 580 637 639 
101 330 435 509 623 638 639 
233 331 415 497 510 608 640 
332 358 416 511 530 608 641 
219 333 411 512 543 640 641 
334 417 513 535 575 608 642 
220 335 514 580 588 640 642 
102 336 515 599 623 641 642 
337 418 460 516 606 608 636 
221 338 460 517 607 637 640 
103 339 460 518 608 638 641 
40 340 460 519 609 639 642 
233 341 382 419 520 553 610 
342 358 382 420 521 611 643 
222 343 411 522 553 612 643 
344 382 421 523 535 613 644 
223 345 524 553 580 614 644 
104 346 525 615 623 643 644 
347 382 422 461 526 616 636 
224 348 461 527 553 617 637 
105 349 461 528 618 638 643 
41 350 461 529 619 639 644 
225 261 352 531 553 620 640 
106 261 353 532 621 641 643 
42 261 354 533 622 642 644 
198 359 425 535 536 624 645 
227 323 360 537 580 625 645 
107 361 502 538 623 626 645 
198 362 426 462 539 627 636 
228 323 363 462 540 628 637 
108 364 462 502 541 629 638 
43 365 462 542 630 639 645 
229 262 323 367 544 631 640 
109 262 368 502 545 632 641 
44 262 369 546 633 642 645 
110 128 373 502 548 634 643 
45 128 374 549 635 644 645 
111 383 394 435 554 565 610 
111 384 431 497 555 609 646 
181 385 432 530 556 609 647 
216 234 386 543 557 646 647 
306 387 433 558 575 609 648 
235 341 388 559 588 646 648 
112 389 394 560 599 647 648 
390 434 463 487 561 606 609 
236 391 463 520 562 607 646 
113 392 463 563 565 608 647 
46 393 463 564 609 610 648 
181 383 395 436 566 611 649 
216 237 396 554 567 612 649 
306 383 397 437 568 613 650 
238 341 398 554 569 614 650 
114 394 399 570 615 649 650 
383 400 438 464 487 571 616 
239 401 464 520 554 572 617 
115 402 464 565 573 618 649 
47 403 464 574 610 619 650 
240 263 405 554 576 620 646 
116 263 406 577 621 647 649 
48 263 407 578 622 648 650 
199 306 412 441 581 624 651 
242 324 341 413 582 625 651 
117 394 414 503 583 626 651 
199 415 442 465 487 584 627 
243 324 416 465 520 585 628 
118 417 465 503 565 586 629 
49 418 465 587 610 630 651 
244 264 324 420 589 631 646 
119 264 421 503 590 632 647 
50 264 422 591 633 648 651 
120 129 425 503 592 634 649 
51 129 426 593 635 650 651 
91 431 445 466 487 595 636 
161 248 432 466 520 596 637 
122 286 433 466 565 597 638 
52 434 466 467 598 610 639 
161 249 265 436 600 640 646 
123 265 286 437 601 641 647 
53 265 438 467 602 642 648 
124 130 286 441 603 643 649 
54 130 442 467 604 644 650 
55 56 445 467 605 645 651 
57 90 445 468 652 653 654 
58 110 469 605 652 655 656 
59 120 470 645 653 655 657 
60 124 266 651 654 656 657 
61 160 445 471 658 659 660 
62 180 472 605 658 661 662 
63 190 473 645 659 661 663 
64 194 267 651 660 662 663 
65 215 474 652 658 664 665 
66 225 475 653 659 664 666 
67 229 268 654 660 665 666 
68 240 476 652 655 661 664 
69 244 269 652 656 662 665 
70 131 249 652 657 663 666 
71 285 445 477 646 667 668 
72 305 478 605 646 669 670 
73 315 479 645 667 669 671 
74 270 319 651 668 670 671 
75 340 480 646 652 672 673 
76 350 481 653 667 672 674 
77 271 354 654 668 673 674 
78 365 482 653 655 669 672 
79 272 369 653 656 670 673 
80 132 374 653 657 671 674 
81 393 483 611 646 658 675 
82 403 484 611 659 667 676 
83 273 407 660 668 675 676 
84 418 485 611 654 661 669 
85 274 422 654 662 670 675 
86 133 426 654 663 671 676 
87 434 468 486 611 664 672 
88 275 438 468 665 673 675 
89 134 442 468 666 674 676 
92 431 486 488 605 677 678 
93 489 496 595 645 677 679 
94 276 500 636 651 678 679 
95 431 490 519 652 680 681 
96 491 529 595 653 680 682 
97 277 533 636 654 681 682 
99 278 546 655 656 678 681 
100 135 549 655 657 679 682 
101 431 493 564 612 658 683 
102 494 574 595 612 659 684 
103 279 578 636 660 683 684 
104 495 587 612 656 661 677 
105 280 591 656 662 678 683 
106 136 593 656 663 679 684 
107 469 496 598 612 664 680 
108 281 469 602 665 681 683 
109 137 469 604 666 682 684 
112 384 498 595 619 667 685 
113 282 555 622 636 668 685 
114 384 499 630 657 669 677 
115 283 555 633 657 670 678 
116 138 635 657 671 679 685 
117 384 470 500 639 672 680 
118 284 470 555 642 673 681 
119 139 470 644 674 682 685 
122 266 285 555 648 675 683 
123 140 266 650 676 684 685 
131 160 248 504 685 686 687 
132 180 373 505 685 688 689 
133 190 425 506 686 688 690 
134 194 287 441 687 689 690 
135 215 507 548 685 691 692 
136 225 508 592 686 691 693 
137 229 288 603 687 692 693 
138 240 509 634 658 688 691 
139 244 289 643 658 689 692 
140 141 249 649 658 690 693 
141 248 285 510 647 694 695 
142 305 373 511 647 696 697 
143 315 425 512 694 696 698 
144 290 319 441 695 697 698 
145 340 513 548 647 699 700 
146 350 514 592 694 699 701 
147 291 354 603 695 700 701 
148 365 515 634 659 696 699 
149 292 369 643 659 697 700 
142 150 374 649 659 698 701 
151 393 516 613 647 685 702 
152 403 517 613 686 694 703 
153 293 407 687 695 702 703 
154 418 518 613 660 688 696 
155 294 422 660 689 697 702 
143 156 426 660 690 698 703 
157 434 471 519 613 691 699 
158 295 438 471 692 700 702 
144 159 442 471 693 701 703 
162 373 432 486 521 704 705 
163 425 496 522 596 704 706 
164 296 441 500 637 705 706 
165 432 519 523 548 707 708 
166 524 529 592 596 707 709 
167 297 533 603 637 708 709 
168 525 542 634 661 704 707 
169 298 546 643 661 705 708 
145 170 549 649 661 706 709 
171 432 526 564 614 685 710 
172 527 574 596 614 686 711 
173 299 578 637 687 710 711 
174 528 587 614 662 688 704 
175 300 591 662 689 705 710 
146 176 593 662 690 706 711 
177 472 529 598 614 691 707 
178 301 472 602 692 708 710 
147 179 472 604 693 709 711 
182 385 531 596 619 686 694 
183 302 556 622 637 686 695 
184 385 532 630 663 696 704 
185 303 556 633 663 697 705 
148 186 635 663 686 698 706 
187 385 473 533 639 699 707 
188 304 473 556 642 700 708 
149 189 473 644 686 701 709 
192 267 305 556 648 702 710 
150 193 267 650 686 703 711 
200 234 536 548 652 677 704 
201 359 537 592 653 677 712 
202 307 412 603 654 704 712 
203 536 538 634 655 664 677 
204 308 581 643 656 664 704 
151 205 624 649 657 664 712 
206 234 539 615 658 685 713 
207 359 540 615 659 686 714 
208 309 412 660 687 713 714 
209 536 541 615 661 665 688 
210 310 581 662 665 689 713 
152 211 624 663 665 690 714 
212 474 542 615 664 677 691 
213 311 474 665 692 704 713 
153 214 474 666 693 712 714 
217 359 386 544 667 687 694 
218 312 412 557 668 687 695 
219 386 536 545 666 669 696 
220 313 557 581 666 670 697 
154 221 624 666 671 687 698 
222 386 475 546 672 677 699 
223 314 475 557 673 700 704 
155 224 475 674 687 701 712 
227 268 315 557 675 702 713 
156 228 268 676 687 703 714 
235 317 325 581 652 678 705 
157 236 504 624 652 679 706 
200 237 476 549 677 680 707 
238 318 325 476 681 704 708 
158 239 476 504 682 709 712 
242 269 319 325 683 710 713 
159 243 269 504 684 711 714 
270 317 340 558 648 715 716 
271 350 352 559 675 715 717 
272 326 354 367 683 716 717 
273 365 405 560 667 702 715 
274 327 369 420 667 710 716 
162 275 374 436 667 713 717 
276 393 498 561 616 648 715 
277 403 531 562 616 675 718 
278 328 407 544 683 715 718 
279 418 563 576 616 668 702 
280 329 422 589 668 710 715 
163 281 426 600 668 713 718 
282 434 477 564 616 620 715 
283 330 438 477 631 715 716 
164 284 442 477 640 717 718 
192 287 433 486 566 712 719 
227 288 496 567 597 712 720 
242 289 331 500 638 719 720 
290 317 433 519 568 721 722 
291 352 529 569 597 721 723 
292 332 367 533 638 722 723 
293 405 542 570 669 712 721 
294 333 420 546 669 719 722 
165 295 436 549 669 720 723 
296 433 498 564 571 617 716 
297 531 572 574 597 617 724 
298 334 544 578 638 716 724 
299 573 576 587 617 670 712 
300 335 589 591 670 716 719 
166 301 593 600 670 720 724 
302 478 574 598 617 620 721 
303 336 478 602 631 716 722 
167 304 478 604 640 723 724 
307 387 576 597 619 675 688 
308 337 558 622 638 683 688 
309 387 577 630 671 702 712 
310 338 558 633 671 710 719 
168 311 635 671 688 713 720 
312 387 479 578 639 715 721 
313 339 479 558 642 716 722 
169 314 479 644 688 717 723 
170 270 318 650 688 718 724 
326 352 360 582 653 678 719 
327 342 367 413 654 705 719 
328 405 537 583 655 672 678 
329 343 420 582 656 672 705 
171 330 436 625 657 672 719 
235 331 498 584 618 658 717 
332 360 531 585 618 659 725 
333 344 413 544 660 717 725 
334 537 576 586 618 661 673 
335 345 582 589 662 673 717 
172 336 600 625 663 673 725 
337 480 587 618 620 664 678 
338 346 480 631 665 705 717 
173 339 480 640 666 719 725 
342 360 388 589 667 675 689 
343 347 413 559 668 683 689 
344 388 537 590 669 674 702 
345 348 559 582 670 674 710 
174 346 625 671 674 689 713 
347 388 481 591 672 678 715 
348 349 481 559 673 705 716 
175 349 481 674 689 717 719 
176 271 353 676 689 718 725 
177 361 505 625 653 679 720 
201 362 482 593 678 680 721 
326 353 363 482 681 705 722 
178 364 482 505 682 719 723 
179 272 368 505 684 724 725 
182 389 395 600 675 690 694 
390 483 488 598 619 620 691 
361 391 483 521 631 667 692 
183 392 483 566 640 693 694 
217 362 396 560 683 690 695 
307 389 397 601 676 696 702 
342 363 398 560 676 697 710 
184 395 399 676 690 698 713 
389 400 484 488 602 699 715 
364 401 484 521 560 700 716 
185 402 484 566 690 701 717 
186 273 406 690 694 703 718 
187 395 414 506 654 706 720 
202 415 485 488 604 707 721 
327 368 416 485 521 708 722 
188 417 485 506 566 709 723 
189 274 421 506 694 711 724 
193 275 287 437 694 714 725 
390 489 493 561 622 639 691 
390 490 516 621 630 664 679 
391 491 526 561 633 672 679 
203 492 539 635 679 680 691 
392 489 494 561 571 642 699 
204 489 495 584 644 691 707 
205 276 499 627 650 691 721 
212 507 538 626 655 679 680 
222 396 508 583 656 680 706 
206 237 509 626 657 680 720 
236 282 510 621 627 658 718 
302 361 511 621 628 659 726 
312 397 414 512 660 718 726 
337 513 538 621 629 661 681 
347 398 514 583 662 681 718 
207 362 515 626 663 681 726 
399 400 490 517 665 706 718 
208 415 490 518 666 720 726 
400 414 493 522 562 668 692 
391 516 523 538 632 669 682 
401 524 526 562 583 670 682 
209 525 539 626 671 682 692 
402 491 527 562 571 673 706 
210 491 528 584 674 692 720 
211 277 532 627 676 692 726 
328 406 492 540 681 699 706 
213 492 507 541 682 707 720 
214 278 507 545 684 721 726 
218 415 493 563 567 693 695 
308 392 516 568 641 684 696 
343 416 526 563 569 684 697 
219 396 539 570 684 693 698 
417 494 522 563 571 572 700 
220 494 567 573 584 693 701 
221 279 577 627 693 695 703 
329 421 495 522 585 699 708 
223 495 508 567 586 707 709 
224 280 508 590 695 711 721 
228 281 288 601 695 714 726 
296 330 437 499 628 699 722 
238 331 499 509 629 707 723 
239 283 509 510 632 721 724 
243 284 289 510 641 725 726 
290 295 318 437 696 726 727 
291 301 353 601 697 726 727 
293 311 406 696 698 714 726 
294 314 421 512 696 725 727 
297 336 532 601 628 700 727 
298 339 513 545 641 722 727 
299 346 577 628 697 701 714 
300 349 514 590 697 722 725 
303 364 511 515 632 722 727 
310 402 517 568 698 711 725 
313 417 512 518 568 724 727 
332 363 515 532 629 708 727 
333 416 518 523 545 723 727 
334 525 540 577 629 700 709 
335 524 528 585 590 700 723 
338 513 525 541 632 708 723 
344 398 540 570 701 703 711 
345 527 569 573 585 701 711 
348 514 528 569 586 708 724 
401 517 523 541 570 709 724 
